Channel	        Frequency
3199.361328	323.263733
3198.657471	216.693283
3197.953613	259.275085
3197.249512	259.228699
3196.545410	244.980560
3195.841309	326.582336
3195.136719	337.171417
3194.432373	283.883026
3193.727539	298.023865
3193.022949	312.159607
3192.318115	297.917206
3191.613037	319.139893
3190.907715	315.537415
3190.202637	336.749329
3189.497070	294.159912
3188.791748	237.411896
3188.085938	304.683105
3187.380127	332.966125
3186.674316	293.949371
3185.968262	276.192108
3185.262207	325.706726
3184.555908	269.013916
3183.849365	304.355988
3183.142822	286.609528
3182.436279	336.086792
3181.729492	318.341003
3181.022461	321.820465
3180.315430	297.011841
3179.608398	300.493866
3178.901123	254.490387
3178.193604	279.182495
3177.486084	314.465698
3176.778320	321.474731
3176.070557	346.141541
3175.362549	402.582306
3174.654541	314.240387
3173.946289	331.834869
3173.238037	331.775421
3172.529541	374.062683
3171.821045	303.430420
3171.112305	384.511505
3170.403564	412.658539
3169.694580	373.794556
3168.985596	380.779022
3168.276367	391.286072
3167.567139	405.313782
3166.857666	444.003296
3166.147949	408.691650
3165.438232	429.753815
3164.728516	457.852264
3164.018555	397.907928
3163.308350	394.315887
3162.598145	390.725098
3161.887939	432.888000
3161.177246	443.366699
3160.466797	386.996735
3159.756104	432.655090
3159.045166	414.993011
3158.334229	418.434814
3157.623047	400.781616
3156.911865	439.374664
3156.200439	400.637787
3155.489014	404.079651
3154.777344	414.546448
3154.065674	396.909668
3153.353760	414.397644
3152.641846	431.879333
3151.929688	386.164215
3151.217285	421.194458
3150.504883	424.628143
3149.792480	442.095398
3149.079834	456.048279
3148.366943	448.951508
3147.654053	413.802856
3146.941162	431.259430
3146.228027	469.742981
3145.514648	385.540649
3144.801270	336.411407
3144.087646	437.957031
3143.374023	381.829926
3142.660156	416.785309
3141.946289	360.682129
3141.232178	409.633301
3140.518066	381.555634
3139.803711	395.486603
3139.089355	447.904327
3138.374756	381.349976
3137.660156	384.779449
3136.945313	458.154999
3136.230225	356.667267
3135.515137	374.083710
3134.800049	443.926086
3134.084717	440.351440
3133.369141	454.249176
3132.653564	429.712341
3131.937988	394.705383
3131.221924	387.649750
3130.506104	394.563477
3129.790039	422.421204
3129.073730	450.268890
3128.357422	481.596375
3127.640869	415.214935
3126.924316	505.843170
3126.207520	369.722290
3125.490479	428.940216
3124.773438	453.269897
3124.056396	404.383453
3123.339111	463.563141
3122.621826	414.692383
3121.904297	397.196869
3121.186523	372.740509
3120.468750	477.161316
3119.750732	390.017883
3119.032715	449.136169
3118.314697	511.714233
3117.596436	445.494080
3116.877930	424.535126
3116.159424	528.833801
3115.440674	438.296478
3114.721924	493.864258
3114.002930	514.639099
3113.283691	521.499756
3112.564697	535.309998
3111.845215	493.508667
3111.125732	531.642456
3110.406250	580.184937
3109.686523	562.712769
3108.966553	541.773987
3108.246582	611.122070
3107.526367	694.331848
3106.806152	749.743286
3106.085938	770.430664
3105.365479	822.338623
3104.644775	901.981140
3103.924072	957.315125
3103.203125	1054.244019
3102.481934	1071.390503
3101.760986	1154.397217
3101.039551	1122.994873
3100.318115	1115.861694
3099.596680	1084.477417
3098.875000	1004.606323
3098.153076	945.545105
3097.431152	907.282654
3096.709229	782.476746
3095.987061	889.647217
3095.264648	785.655701
3094.542236	709.384888
3093.819580	719.636353
3093.096924	743.720764
3092.374023	625.996155
3091.651123	695.041626
3090.927979	649.971436
3090.204590	663.680908
3089.481201	677.385376
3088.757813	656.530640
3088.034180	732.417786
3087.310547	673.564636
3086.586426	673.443115
3085.862549	690.586243
3085.138428	721.532410
3084.414063	780.080872
3083.689697	793.744324
3082.965088	831.555908
3082.240479	883.153076
3081.515625	1034.758179
3080.790771	972.497131
3080.065674	1110.239502
3079.340332	1189.327637
3078.614990	1261.493652
3077.889648	1299.172852
3077.164063	1333.392822
3076.438232	1408.938477
3075.712402	1529.231567
3074.986572	1546.173462
3074.260254	1504.578491
3073.534180	1555.942017
3072.807617	1562.544434
3072.081299	1613.878784
3071.354492	1641.111084
3070.627930	1651.134277
3069.900879	1661.153687
3069.173828	1729.625977
3068.446777	1749.941406
3067.719482	1759.937378
3066.991943	1869.595581
3066.264404	1944.852661
3065.536621	1899.839478
3064.808838	1913.235718
3064.081055	2002.180908
3063.352783	1988.084473
3062.624512	2022.055420
3061.896240	1970.203735
3061.167725	1956.120361
3060.439209	1972.922485
3059.710449	1921.107544
3058.981445	1883.031006
3058.252441	1790.099121
3057.523438	1889.207397
3056.794189	1827.160522
3056.064697	1730.861450
3055.335205	1658.584961
3054.605469	1654.858765
3053.875732	1610.026733
3053.145752	1702.209717
3052.415771	1695.052979
3051.685547	1496.170044
3050.955078	1584.900146
3050.224609	1618.838379
3049.494141	1505.623657
3048.763428	1519.036133
3048.032471	1522.181885
3047.301514	1539.006470
3046.570313	1466.920654
3045.839111	1367.510620
3045.107910	1343.335938
3044.376221	1305.499878
3043.644531	1308.680420
3042.912842	1161.542480
3042.180908	1147.669434
3041.448975	1178.197266
3040.716797	1109.694946
3039.984375	1082.183350
3039.251953	1000.070374
3038.519287	996.476685
3037.786621	910.996826
3037.053711	876.718262
3036.320801	828.809143
3035.587646	791.147705
3034.854492	804.642395
3034.121094	835.176575
3033.387451	773.676453
3032.653809	667.899170
3031.920166	684.813293
3031.186279	742.598206
3030.452148	756.086792
3029.718018	650.389221
3028.983643	646.866760
3028.249268	653.557434
3027.514648	680.665588
3026.780029	724.777405
3026.045166	683.820923
3025.310059	646.280701
3024.574951	656.366089
3023.839844	649.446594
3023.104492	574.536987
3022.368896	683.201172
3021.633301	635.499756
3020.897461	611.600037
3020.161621	625.077759
3019.425537	628.360962
3018.689453	706.353333
3017.953125	658.690796
3017.216553	641.597839
3016.479980	709.363037
3015.743408	665.119263
3015.006592	658.212891
3014.269531	634.347839
3013.532471	746.156128
3012.795166	749.411743
3012.057861	681.467957
3011.320313	796.596558
3010.582520	779.506165
3009.844727	772.587585
3009.106934	826.654175
3008.368896	829.891418
3007.630615	751.846680
3006.892334	843.134399
3006.153809	839.595825
3005.415283	744.667542
3004.676514	832.522461
3003.937744	771.466064
3003.198730	774.708984
3002.459717	801.627380
3001.720459	723.700867
3000.980957	760.762207
3000.241455	764.004578
2999.501953	743.586182
2998.761963	760.347656
2998.022217	760.209534
2997.281982	662.106628
2996.541748	702.516113
2995.801514	712.519043
2995.061035	685.379517
2994.320557	678.503662
2993.579834	668.255249
2992.838867	688.380310
2992.097900	715.245544
2991.356689	728.608276
2990.615479	634.043762
2989.874023	677.763977
2989.132568	704.611511
2988.390869	724.707825
2987.648926	700.985168
2986.906982	704.227234
2986.165039	731.050293
2985.422852	693.866211
2984.680420	697.107727
2983.937988	703.715027
2983.195313	636.258118
2982.452637	693.361511
2981.709717	716.791931
2980.966553	709.932312
2980.223389	692.983154
2979.480225	723.127502
2978.736816	749.898071
2977.993164	729.588684
2977.249512	675.671143
2976.505615	709.157532
2975.761719	638.461609
2975.017578	648.424561
2974.273193	658.383789
2973.528809	664.980957
2972.784424	695.080811
2972.039795	661.381592
2971.294922	641.121216
2970.550049	637.648438
2969.804932	697.930115
2969.059814	627.351746
2968.314453	674.196472
2967.568848	690.841675
2966.823242	637.067993
2966.077637	754.285217
2965.331787	623.428833
2964.585693	606.559509
2963.839600	690.212646
2963.093262	633.138000
2962.346924	673.214539
2961.600342	619.512390
2960.853516	646.184387
2960.106689	659.456604
2959.359863	699.499023
2958.612793	669.255066
2957.865479	675.824402
2957.118164	705.806702
2956.370605	672.233582
2955.623047	738.987793
2954.875244	792.344666
2954.127197	755.431396
2953.379150	812.107788
2952.631104	695.010803
2951.882813	902.012939
2951.134277	855.085938
2950.385742	901.683960
2949.636963	904.858521
2948.887939	904.693420
2948.138916	954.594543
2947.389893	1051.197388
2946.640625	1030.986450
2945.891113	1077.501099
2945.141602	1067.298584
2944.391846	1250.512329
2943.642090	1356.975098
2942.892090	1346.727051
2942.142090	1429.803101
2941.391846	1572.829590
2940.641357	1589.200806
2939.890869	1768.787476
2939.140137	1861.716919
2938.389404	1971.261597
2937.638428	2230.581299
2936.887451	2253.474365
2936.136230	2416.135498
2935.385010	2545.462891
2934.633545	2884.331299
2933.881836	2920.392578
2933.130127	3129.370850
2932.378174	3285.072998
2931.626221	3274.499756
2930.874023	3443.413330
2930.121826	3446.107666
2929.369385	3545.154297
2928.616699	3511.287354
2927.864014	3434.255127
2927.111084	3410.382568
2926.358154	3230.473145
2925.604980	3070.546387
2924.851807	2923.953613
2924.098389	2764.140869
2923.344971	2577.845215
2922.591064	2431.422363
2921.837402	2218.723389
2921.083496	2145.368652
2920.329346	2091.932129
2919.575195	1942.390015
2918.820801	1753.133911
2918.066162	1789.261230
2917.311523	1586.850708
2916.556885	1503.754761
2915.802002	1486.921509
2915.046875	1344.275635
2914.291748	1387.065186
2913.536377	1267.658203
2912.780762	1224.406616
2912.025146	1197.713867
2911.269531	1210.726685
2910.513672	1127.820435
2909.757568	1134.227661
2909.001465	1018.303772
2908.245117	1011.506287
2907.488770	922.086975
2906.732178	915.309448
2905.975342	832.547913
2905.218506	934.793396
2904.461670	885.083984
2903.704346	855.204468
2902.947266	822.034485
2902.189697	828.485474
2901.432129	808.532959
2900.674561	775.389648
2899.916748	738.959473
2899.158691	752.017456
2898.400635	778.261475
2897.642334	755.039124
2896.884033	741.714783
2896.125488	725.099426
2895.366943	718.375977
2894.608154	747.896667
2893.849121	671.995483
2893.090088	675.165833
2892.330811	724.435486
2891.571533	697.964478
2890.812012	638.586304
2890.052490	638.469299
2889.292725	694.290344
2888.532715	664.554260
2887.772705	657.853882
2887.012451	628.135315
2886.252197	651.036621
2885.491699	595.030457
2884.731201	693.527100
2883.970459	657.251160
2883.209473	755.700256
2882.448486	601.164307
2881.687256	643.751892
2880.926025	637.066162
2880.164551	590.983887
2879.402832	613.854004
2878.641113	590.767151
2877.879395	623.473145
2877.117432	616.797119
2876.355225	508.436218
2875.593018	560.817078
2874.830566	527.923889
2874.067871	580.281860
2873.305176	606.398010
2872.542480	501.415497
2871.779541	498.046875
2871.016357	488.127380
2870.253174	494.588654
2869.489746	501.047516
2868.726074	487.858643
2867.962402	481.221863
2867.198730	422.219208
2866.434570	415.596863
2865.670654	474.413239
2864.906250	454.698822
2864.141846	434.991638
2863.377441	477.421936
2862.612793	441.370728
2861.847900	500.128296
2861.083008	444.476837
2860.317871	460.733246
2859.552734	398.575378
2858.787354	427.899872
2858.021729	427.821259
2857.256104	424.477448
2856.490479	443.987122
2855.724365	398.209381
2854.958496	388.345978
2854.192139	414.377106
2853.425781	463.234131
2852.659424	463.148987
2851.892578	450.019806
2851.125977	427.114197
2850.358887	498.751587
2849.592041	479.104614
2848.824707	446.430359
2848.057373	452.864319
2847.290039	407.177185
2846.522217	534.118225
2845.754639	540.532471
2844.986572	527.410583
2844.218506	550.098755
2843.450439	478.400238
2842.682129	507.596649
2841.913574	474.971039
2841.145020	481.388916
2840.376221	478.048309
2839.607422	448.697479
2838.838379	464.869080
2838.069092	539.538940
2837.299805	484.195831
2836.530273	464.612488
2835.760742	484.017639
2834.990967	470.937195
2834.221191	526.053650
2833.451172	438.297363
2832.680908	486.907410
2831.910645	386.208771
2831.140137	464.014160
2830.369629	418.509125
2829.598877	311.391327
2828.828125	392.410522
2828.056885	398.823181
2827.285889	346.879852
2826.514648	372.746124
2825.743164	372.677490
2824.971436	414.729828
2824.199707	323.947998
2823.427979	369.232697
2822.656006	391.832672
2821.883789	356.145874
2821.111328	343.131897
2820.339111	310.703705
2819.566406	317.118256
2818.793701	365.589355
2818.020752	265.246033
2817.247803	365.454620
2816.474609	355.686707
2815.701416	245.701874
2814.927979	294.141449
2814.154297	313.477570
2813.380615	323.113190
2812.606689	300.439850
2811.832764	310.074280
2811.058594	377.833344
2810.284424	297.044922
2809.509766	280.849365
2808.735352	313.073151
2807.960449	351.738983
2807.185791	300.052216
2806.410645	341.931885
2805.635498	306.391876
2804.860352	370.826996
2804.084717	299.830841
2803.309326	332.009460
2802.533447	341.616577
2801.757568	367.331146
2800.981689	383.371399
2800.205566	373.637604
2799.429199	347.805298
2798.652832	325.202332
2797.876221	366.992279
2797.099365	366.924530
2796.322510	302.495972
2795.545654	324.962250
2794.768311	386.022461
2793.990967	328.058502
2793.213623	340.860596
2792.436035	347.227783
2791.658447	382.522919
2790.880371	347.099548
2790.102539	366.315186
2789.324219	388.736389
2788.545898	298.725677
2787.767578	366.112213
2786.989014	394.942810
2786.210205	340.294342
2785.431396	378.748230
2784.652344	410.769623
2783.873047	385.025360
2783.093750	336.834930
2782.314453	413.749268
2781.534668	327.090118
2780.754883	403.977814
2779.975098	323.763611
2779.195068	442.288330
2778.414795	323.643921
2777.634521	419.698181
2776.854004	365.165985
2776.073486	381.111542
2775.292725	297.788391
2774.511719	348.956268
2773.730713	380.900146
2772.949707	355.227692
2772.168213	355.161987
2771.386719	377.489746
2770.605225	329.442810
2769.823486	351.767029
2769.041504	409.253174
2768.259521	310.079803
2767.477295	310.022430
2766.694824	325.942627
2765.912354	345.051849
2765.129639	341.793671
2764.346924	332.149170
2763.563965	383.178101
2762.781006	415.032776
2761.997803	386.228241
2761.214355	335.094666
2760.430908	357.368134
2759.647217	322.209808
2758.863525	369.994232
2758.079590	287.011353
2757.295410	331.596130
2756.511230	331.534729
2755.726807	334.660553
2754.942383	293.172089
2754.157715	356.839020
2753.372803	305.805359
2752.587891	315.303345
2751.802734	324.797821
2751.017578	369.309479
2750.232178	375.607269
2749.446533	337.347382
2748.660889	369.104187
2747.875000	299.046234
2747.089111	330.798370
2746.302979	302.115570
2745.516602	362.471497
2744.730225	352.867340
2743.943604	362.337097
2743.156982	336.847473
2742.370117	362.202759
2741.583252	339.899200
2740.795898	377.948639
2740.008789	320.720459
2739.221191	365.109039
2738.433594	358.692780
2737.645996	409.405182
2736.858154	453.752563
2736.070068	437.805847
2735.281982	488.475311
2734.493652	332.989563
2733.705078	412.196320
2732.916504	450.161652
2732.127686	431.060730
2731.338867	478.515381
2730.549805	430.900757
2729.760742	437.156403
2728.971191	459.245728
2728.181885	481.326843
2727.392090	443.245087
2726.602295	496.975403
2725.812500	455.739960
2725.022461	468.312439
2724.232178	512.517090
2723.441895	509.258820
2722.651367	496.514191
2721.860596	474.288544
2721.069824	461.555084
2720.278809	433.022644
2719.487793	486.664948
2718.696533	439.180939
2717.905273	410.668457
2717.113525	445.334564
2716.322021	461.040894
2715.530029	483.055817
2714.738037	460.869568
2713.946045	426.067352
2713.153809	416.521759
2712.361328	444.838287
2711.568604	473.144257
2710.776123	450.980347
2709.983154	428.824646
2709.190186	476.032990
2708.396973	501.160095
2707.603760	460.099182
2706.810303	409.601166
2706.016602	365.422333
2705.222900	415.748077
2704.428955	409.372711
2703.635010	412.445007
2702.840820	459.586060
2702.046387	368.229889
2701.251953	434.241669
2700.457275	418.430420
2699.662354	421.498077
2698.867432	421.419647
2698.072510	411.908234
2697.277344	402.400330
2696.481934	430.613953
2695.686279	421.106079
2694.890625	452.447693
2694.094727	392.676636
2693.298828	380.040222
2692.502686	354.847534
2691.706543	426.993622
2690.910156	310.768372
2690.113525	386.034271
2689.316895	429.893097
2688.520020	389.027863
2687.722900	376.408478
2686.925781	439.061432
2686.128418	476.606476
2685.331055	373.063202
2684.533447	404.337738
2683.735596	401.128601
2682.937744	404.187103
2682.139648	407.244476
2681.341553	366.451721
2680.543213	413.355682
2679.744629	425.802277
2678.946045	406.941040
2678.147217	413.124664
2677.348389	359.852142
2676.549316	378.556458
2675.750000	419.149658
2674.950684	365.905731
2674.151123	375.217987
2673.351318	422.041534
2672.551514	356.324188
2671.751465	343.757477
2670.951416	381.187195
2670.151123	337.381470
2669.350830	334.195251
2668.550049	368.483032
2667.749512	405.880157
2666.948486	383.953461
2666.147461	387.002838
2665.346436	471.181641
2664.544922	396.217926
2663.743652	380.547791
2662.941895	377.358124
2662.140137	427.176971
2661.338135	427.097260
2660.536133	398.965332
2659.733887	380.192841
2658.931641	442.436951
2658.128906	420.548157
2657.326416	392.438354
2656.523438	423.505188
2655.720459	463.900665
2654.917480	376.654388
2654.114258	413.931244
2653.310791	401.407196
2652.507080	444.887695
2651.703369	413.699371
2650.899658	454.051361
2650.095459	432.201019
2649.291260	456.990540
2648.487061	413.390381
2647.682617	472.357910
2646.877930	478.483734
2646.073242	453.542694
2645.268311	515.575500
2644.463135	459.583801
2643.657959	406.717743
2642.852539	415.954163
2642.047119	462.429749
2641.241455	437.519531
2640.435547	468.461700
2639.629639	521.104980
2638.823486	511.703857
2638.017090	533.312805
2637.210693	471.211548
2636.404053	437.028992
2635.597412	427.650513
2634.790527	449.258911
2633.983398	436.783875
2633.176270	455.285248
2632.368896	411.847717
2631.561523	399.386597
2630.753906	442.648041
2629.946045	352.814240
2629.138184	365.125366
2628.330078	473.336700
2627.521729	399.013153
2626.713379	392.753387
2625.904785	340.116425
2625.096191	460.616943
2624.287354	392.532928
2623.478271	454.264099
2622.669189	432.551483
2621.859863	417.025146
2621.050293	373.708130
2620.240723	441.572357
2619.430908	438.402344
2618.621094	429.059967
2617.811035	376.514496
2617.000732	438.156128
2616.190430	339.353149
2615.379883	419.485321
2614.569336	431.742249
2613.758301	419.328186
2612.947510	428.497803
2612.136230	502.388885
2611.324951	409.847870
2610.513672	434.418976
2609.702148	431.257172
2608.890381	452.735168
2608.078369	464.967346
2607.266357	390.991974
2606.454102	415.543488
2605.641846	492.403656
2604.829346	483.080536
2604.016602	473.760864
2603.203857	455.217285
2602.390869	421.304565
2601.577881	504.240845
2600.764648	497.998169
2599.951172	500.978271
2599.137695	516.248901
2598.323975	476.211731
2597.510010	482.265930
2596.696045	500.602570
2595.881836	448.308380
2595.067627	466.644440
2594.253174	503.390350
2593.438477	509.433655
2592.623535	530.816162
2591.808594	466.294342
2590.993652	487.676880
2590.178467	502.918243
2589.363037	533.483826
2588.547363	499.664063
2587.731689	429.078766
2586.915771	435.126770
2586.099854	539.210815
2585.283691	447.215912
2584.467285	517.570557
2583.650879	486.853638
2582.834229	480.639404
2582.017578	520.339844
2581.200684	492.699921
2580.383545	498.726715
2579.566406	498.633057
2578.749023	422.076294
2577.931396	480.098053
2577.113770	455.548859
2576.295898	473.804077
2575.477783	470.658844
2574.659668	449.180847
2573.841309	479.647217
2573.022949	497.884094
2572.204346	406.172638
2571.385498	418.309723
2570.566650	402.967194
2569.747559	457.831177
2568.928223	445.538605
2568.108887	460.710144
2567.289307	411.815735
2566.469727	402.588562
2565.649902	478.746368
2564.829834	454.266205
2564.009521	420.650665
2563.189209	505.904907
2562.368896	450.962921
2561.548340	505.714630
2560.727539	481.252289
2559.906494	505.524384
2559.085449	438.444672
2558.264160	499.245819
2557.442871	541.762390
2556.621338	508.187073
2555.799561	498.964050
2554.977783	587.085022
2554.155762	529.189453
2553.333496	568.619568
2552.511230	580.673218
2551.688721	544.088684
2550.866211	598.688843
2550.043213	531.730042
2549.220459	562.008789
2548.397217	561.902954
2547.573975	507.135834
2546.750732	494.895630
2545.927002	516.051636
2545.103271	528.094543
2544.279541	552.270691
2543.455322	543.065063
2542.631348	476.229889
2541.806885	473.107422
2540.982422	488.179138
2540.157715	491.118774
2539.333008	475.871094
2538.508057	493.964172
2537.682861	502.960724
2536.857666	411.986542
2536.032227	499.742432
2535.206543	526.901794
2534.380859	439.002045
2533.554932	460.108490
2532.729004	463.048218
2531.902832	438.753815
2531.076416	468.924255
2530.249756	441.613129
2529.423096	474.795776
2528.596436	435.399353
2527.769287	522.985291
2526.942139	471.504730
2526.114990	417.021667
2525.287598	489.454834
2524.459961	422.905884
2523.632080	425.846283
2522.804199	477.099426
2521.976074	519.276062
2521.147949	498.048737
2520.319580	519.080078
2519.490967	470.704742
2518.662354	530.951294
2517.833496	470.527069
2517.004395	482.500763
2516.175293	524.620544
2515.345947	482.318634
2514.516357	470.171875
2513.686768	503.229980
2512.856934	572.429016
2512.027100	530.149902
2511.197021	548.119690
2510.366699	493.816772
2509.536133	526.839111
2508.705566	493.630249
2507.875000	559.743164
2507.043945	556.628662
2506.212891	535.465820
2505.381836	547.395325
2504.550293	526.242249
2503.718750	577.253784
2502.887207	631.252014
2502.055420	586.051819
2501.223389	564.907288
2500.391113	603.855896
2499.558838	585.719604
2498.726318	636.661987
2497.893799	651.554382
2497.061035	633.419312
2496.228027	618.292419
2495.395020	651.184875
2494.561768	660.062622
2493.728271	713.932678
2492.894775	671.809570
2492.061035	602.715149
2491.227051	644.573364
2490.393066	668.431030
2489.558838	650.323303
2488.724609	713.122864
2487.889893	698.009216
2487.055420	691.886780
2486.220459	640.847412
2485.385498	718.571411
2484.550293	733.402832
2483.715088	757.207336
2482.879639	718.163513
2482.043945	729.994690
2481.208252	744.812561
2480.372314	774.578064
2479.536133	726.590088
2478.699951	816.138062
2477.863525	723.326050
2477.026855	708.247131
2476.190186	782.808533
2475.353271	794.609253
2474.516357	710.831543
2473.678955	698.752441
2472.841797	689.663391
2472.004150	743.262573
2471.166504	701.339844
2470.328613	677.336060
2469.490723	757.756714
2468.652588	745.682190
2467.814209	700.808411
2466.975586	754.344421
2466.136963	733.334229
2465.298340	757.038940
2464.459229	762.855286
2463.620117	735.896606
2462.781006	759.587341
2461.941406	747.530457
2461.101807	726.545227
2460.262207	729.384583
2459.422119	726.269775
2458.582275	702.324402
2457.741943	717.068176
2456.901611	684.209106
2456.061035	639.465454
2455.220215	719.633911
2454.379395	600.572205
2453.538330	662.882141
2452.697266	650.868408
2451.855957	659.659241
2451.014404	701.126282
2450.172607	695.052612
2449.330811	585.040100
2448.489014	647.281921
2447.646729	682.782471
2446.804443	587.675110
2445.961914	575.693604
2445.119385	539.981140
2444.276611	536.912292
2443.433594	519.015503
2442.590576	495.195038
2441.747314	530.677124
2440.903809	477.222321
2440.060303	518.621399
2439.216553	524.448853
2438.372559	503.612274
2437.528564	488.707306
2436.684326	512.304871
2435.840088	503.325348
2434.995361	455.866913
2434.150635	482.416809
2433.305908	452.734650
2432.460938	476.316528
2431.615723	482.141846
2430.770264	419.945587
2429.924805	425.779388
2429.079102	422.742218
2428.233398	446.307281
2427.387207	487.594055
2426.541260	419.546631
2425.694824	508.086609
2424.848389	451.874817
2424.001709	463.600372
2423.155029	395.609161
2422.307861	478.182800
2421.460938	457.433563
2420.613525	475.050293
2419.766113	469.059814
2418.918457	477.819092
2418.070801	436.443024
2417.222900	430.463257
2416.374756	453.963867
2415.526611	439.141205
2414.678223	444.951050
2413.829590	418.351166
2412.980713	486.019745
2412.131836	471.202179
2411.282959	432.834595
2410.433594	435.696075
2409.584229	432.669830
2408.734619	456.129608
2407.885010	456.042786
2407.035156	485.372467
2406.185059	458.810211
2405.334961	464.603912
2404.484619	429.235779
2403.634033	479.123993
2402.783447	487.849304
2401.932617	464.250031
2401.081543	411.282440
2400.230469	481.696198
2399.379150	461.048157
2398.527588	484.448730
2397.676025	378.678650
2396.824219	413.825684
2395.972168	422.549957
2395.120117	481.145721
2394.267822	475.187500
2393.415283	454.568054
2392.562744	436.888580
2391.709961	486.642120
2390.856934	466.032227
2390.003906	454.221527
2389.150635	451.204987
2388.297119	456.977661
2387.443604	445.175354
2386.589844	442.162231
2385.735840	453.788574
2384.881836	444.920685
2384.027588	462.395142
2383.173096	435.972992
2382.318604	427.113495
2381.463867	421.182251
2380.608887	500.058502
2379.753906	456.106659
2378.898682	494.021271
2378.043213	441.319366
2377.187744	470.456024
2376.332031	461.601624
2375.476074	443.987701
2374.620117	432.221283
2373.763916	475.936615
2372.907471	429.136963
2372.051025	426.136292
2371.194336	391.036713
2370.337402	420.138306
2369.480469	513.404297
2368.623291	460.809021
2367.765869	460.721008
2366.908203	486.871582
2366.050537	440.141113
2365.192871	486.685577
2364.334717	460.369049
2363.476563	463.194275
2362.618164	468.931000
2361.759766	495.049896
2360.901123	393.052734
2360.042236	442.463684
2359.183350	477.303802
2358.324219	503.401062
2357.464844	485.849152
2356.605225	421.764435
2355.745605	427.500122
2354.885986	473.940125
2354.025879	488.384766
2353.165771	511.543365
2352.305420	435.891083
2351.445068	511.347717
2350.584229	458.962982
2349.723633	505.343597
2348.862549	476.209747
2348.001465	496.440765
2347.140137	490.540588
2346.278809	464.328278
2345.416992	516.466370
2344.555176	516.367554
2343.693359	516.268738
2342.831299	565.467041
2341.968994	539.265320
2341.106445	585.541687
2340.243896	553.549744
2339.381104	565.034241
2338.518066	602.587830
2337.655029	556.128418
2336.791748	590.773315
2335.928223	463.262878
2335.064697	619.495422
2334.200928	558.596863
2333.336914	529.552551
2332.472900	491.839844
2331.608643	517.779236
2330.744141	506.111786
2329.879639	586.977173
2329.014893	468.335388
2328.149902	430.670410
2327.284912	525.953003
2326.419434	476.734131
2325.554199	473.754028
2324.688477	459.222290
2323.822754	482.235352
2322.956787	499.465424
2322.090820	508.029266
2321.224365	479.072113
2320.358154	429.928070
2319.491455	435.615387
2318.624756	426.878906
2317.757813	458.518463
2316.890625	469.963379
2316.023438	492.934509
2315.156006	464.018890
2314.288330	515.797852
2313.420654	460.959900
2312.552734	501.197723
2311.684570	483.822205
2310.816406	469.332672
2309.947998	509.545685
2309.079346	463.396118
2308.210693	503.594757
2307.341797	408.552765
2306.472656	494.771759
2305.603271	500.428833
2304.733887	428.445892
2303.864258	497.361816
2302.994629	534.633179
2302.124756	537.404358
2301.254639	525.808105
2300.384277	554.434265
2299.513916	505.501007
2298.643311	542.734924
2297.772461	516.791077
2296.901611	516.691833
2296.030518	470.673248
2295.159424	513.623962
2294.287842	467.623566
2293.416260	516.294922
2292.544434	513.327942
2291.672607	461.619659
2290.800537	458.664307
2289.928223	558.889709
2289.055908	515.799011
2288.183105	475.589905
2287.310303	489.820740
2286.437500	481.134888
2285.564453	481.042389
2284.691162	415.105560
2283.817627	469.408447
2282.944092	500.796844
2282.070313	432.033051
2281.196289	506.325439
2280.322266	480.487640
2279.447998	468.957245
2278.573486	480.302826
2277.698975	454.484894
2276.824219	477.260223
2275.949219	462.881927
2275.073975	477.076569
2274.198730	456.991425
2273.323242	485.459930
2272.447754	433.974762
2271.571777	505.254944
2270.695801	502.303680
2269.819824	547.862183
2268.943359	484.992950
2268.066895	496.308960
2267.190430	556.101257
2266.313477	473.307861
2265.436523	473.216736
2264.559326	527.278503
2263.682129	481.583313
2262.804688	461.547150
2261.927002	452.912750
2261.049072	481.305084
2260.171143	469.822754
2259.292969	492.507141
2258.414551	509.490112
2257.536133	529.312317
2256.657471	423.937317
2255.778564	557.555054
2254.899658	520.473999
2254.020508	474.876556
2253.141113	480.471069
2252.261719	471.851044
2251.381836	466.076233
2250.502197	485.876038
2249.622070	474.419037
2248.741943	488.528992
2247.861572	496.954010
2246.980957	494.018982
2246.100342	519.471497
2245.219482	496.666565
2244.338379	539.133972
2243.457031	476.615997
2242.575684	553.108276
2241.694092	530.314331
2240.812500	504.693787
2239.930664	575.466675
2239.048584	464.819336
2238.166260	546.907471
2237.283936	569.467285
2236.401367	509.872284
2235.518555	546.590881
2234.635742	521.001587
2233.752686	537.886902
2232.869385	515.139587
2231.985840	577.297729
2231.102295	503.623322
2230.218506	503.526093
2229.334473	483.631073
2228.450439	534.436401
2227.566162	534.333191
2226.681641	585.109009
2225.797119	593.474243
2224.912354	550.976746
2224.027344	542.395386
2223.142334	584.657043
2222.256836	528.066406
2221.371338	590.077820
2220.485840	550.444702
2219.600098	513.649109
2218.714111	555.875366
2217.827881	507.808258
2216.941406	595.149048
2216.054932	626.054749
2215.168213	563.904236
2214.281494	591.984985
2213.394531	566.504639
2212.507324	515.673157
2211.619873	524.025513
2210.732422	540.824951
2209.844727	577.331604
2208.956787	546.247192
2208.068848	579.923462
2207.180420	560.108948
2206.292236	568.442810
2205.403564	495.181091
2204.514893	565.409912
2203.625977	537.176086
2202.736816	579.250610
2201.847656	562.270386
2200.958252	612.756104
2200.068604	536.760376
2199.178711	545.085632
2198.288818	570.262695
2197.398682	564.535034
2196.508545	553.193420
2195.617920	648.542847
2194.727295	575.435242
2193.836670	524.807556
2192.945557	580.824219
2192.054443	619.986938
2191.163086	650.719910
2190.271729	608.529602
2189.379883	563.551880
2188.488037	619.506653
2187.596191	647.413208
2186.703857	652.891968
2185.811523	613.543518
2184.918945	593.817444
2184.026367	590.901917
2183.133545	587.987427
2182.240479	531.885498
2181.347168	638.138916
2180.453857	643.611816
2179.560303	576.340576
2178.666504	601.403870
2177.772461	623.660767
2176.878418	606.763000
2175.984131	587.076111
2175.089844	589.757324
2174.195068	600.821045
2173.300293	592.322571
2172.405518	519.578430
2171.510254	597.678589
2170.614990	591.977905
2169.719482	541.610535
2168.823975	575.000671
2167.927979	552.563293
2167.031982	493.862244
2166.135986	602.562378
2165.239502	574.554443
2164.343018	540.980225
2163.446289	571.543396
2162.549561	577.007446
2161.652344	610.338623
2160.755127	557.278625
2159.857910	565.528015
2158.960205	568.203491
2158.062500	584.801819
2157.164551	551.277466
2156.266602	590.142029
2155.368164	615.075745
2154.469727	562.086731
2153.571289	575.887878
2152.672363	483.985626
2151.773438	625.721924
2150.874268	572.771851
2149.975098	608.799316
2149.075439	592.004822
2148.175781	572.437988
2147.275879	550.100464
2146.375977	555.549011
2145.475830	558.218262
2144.575439	588.653076
2143.674805	602.419250
2142.774170	510.707794
2141.873291	555.009216
2140.972168	538.254272
2140.071045	552.019409
2139.169678	596.286926
2138.268066	604.489624
2137.366211	637.640198
2136.464355	620.885315
2135.562256	617.993286
2134.659912	576.312073
2133.757568	609.442261
2132.854736	620.402283
2131.951904	623.050659
2131.049072	586.937988
2130.145752	631.112305
2129.242432	581.174500
2128.338867	603.197083
2127.435303	652.875244
2126.531494	564.239929
2125.627441	702.397217
2124.723145	616.551514
2123.818848	696.595215
2122.914063	663.294800
2122.009521	610.665039
2121.104492	596.732849
2120.199463	696.052734
2119.294189	624.116150
2118.388672	635.038757
2117.482910	643.196533
2116.577148	618.231567
2115.671143	604.313965
2114.765137	645.579529
2113.858643	678.553955
2112.952148	628.781067
2112.045410	647.959473
2111.138672	683.670776
2110.231689	678.025085
2109.324463	672.381592
2108.416992	614.392883
2107.509277	614.273132
2106.601563	611.399292
2105.693604	611.280090
2104.785645	732.291870
2103.877197	721.139282
2102.968750	712.742920
2102.060303	643.819763
2101.151367	764.730652
2100.242432	712.325928
2099.333252	745.184021
2098.423828	813.769165
2097.514404	725.652527
2096.604736	755.740540
2095.694824	761.088257
2094.784668	804.892944
2093.874512	777.270447
2092.964111	752.404724
2092.053467	722.057739
2091.142578	732.896484
2090.231689	749.219788
2089.320557	749.073486
2088.409424	694.060791
2087.497803	644.555054
2086.586182	715.727783
2085.674316	729.296570
2084.762207	751.083557
2083.850098	701.605225
2082.937744	665.846741
2082.025146	723.247742
2081.112549	692.977051
2080.199463	681.887634
2079.286377	665.326538
2078.373291	703.520630
2077.459717	763.594910
2076.546143	749.763855
2075.632324	683.957397
2074.718262	724.853149
2073.804199	754.793823
2072.889893	680.822205
2071.975342	653.352173
2071.060791	727.019653
2070.145752	713.214355
2069.230713	715.807007
2068.315430	704.740784
2067.400146	712.796021
2066.484619	742.691956
2065.568848	690.677612
2064.652832	723.295471
2063.736572	728.611755
2062.820313	739.382629
2061.903809	804.705505
2060.987305	771.820679
2060.070313	785.303345
2059.153320	738.804016
2058.236084	765.916260
2057.318848	793.017822
2056.401123	784.688721
2055.483398	743.673889
2054.565674	789.828613
2053.647461	789.673950
2052.729248	854.858887
2051.810791	802.974487
2050.892090	767.438843
2049.973145	729.196228
2049.054199	710.010986
2048.135010	799.625793
2047.215698	715.171387
2046.296143	728.625061
2045.376465	769.255554
2044.456543	736.492615
2043.536499	774.388428
2042.616211	684.588257
2041.695801	752.356262
2040.775146	719.622131
2039.854370	716.766052
2038.933350	754.628479
2038.012207	738.196777
2037.090820	784.180298
2036.169312	786.739441
2035.247681	770.311035
2034.325806	710.499695
2033.403687	737.473389
2032.481445	764.436401
2031.558960	775.127441
2030.636353	837.298584
2029.713623	823.588501
2028.790649	850.513306
2027.867432	966.795166
2026.944092	923.284241
2026.020630	890.618530
2025.096924	906.682861
2024.173096	920.034851
2023.249023	817.047058
2022.324707	852.050659
2021.400391	846.474670
2020.475708	870.643250
2019.550903	873.175659
2018.625977	902.734985
2017.700806	772.848877
2016.775513	859.152710
2015.849976	794.155029
2014.924316	793.999084
2013.998413	769.541809
2013.072388	753.192993
2012.146118	744.947754
2011.219727	793.375427
2010.293091	766.239319
2009.366333	747.206299
2008.439331	733.574646
2007.512207	749.609131
2006.584839	730.590454
2005.657349	684.625488
2004.729614	773.420898
2003.801758	746.325684
2002.873657	721.934875
2001.945435	737.952515
2001.017090	788.969299
2000.088379	713.432617
1999.159668	699.833984
1998.230713	726.607727
1997.301514	777.586487
1996.372192	731.702148
1995.442627	739.626892
1994.512939	755.615540
1993.583008	771.597900
1992.652954	760.694214
1991.722778	757.857117
1990.792236	792.637817
1989.861694	685.026672
1988.930908	781.582520
1987.999878	786.799316
1987.068726	773.220520
1986.137329	781.121094
1985.205811	740.711304
1984.274048	831.794556
1983.342163	727.006287
1982.410156	772.459717
1981.477783	761.581116
1980.545410	831.139648
1979.612793	753.239502
1978.679932	779.891602
1977.746948	760.981384
1976.813721	803.695251
1975.880371	755.324707
1974.946777	824.802063
1974.013062	816.607361
1973.079102	760.232117
1972.145020	719.937134
1971.210693	805.421448
1970.276245	759.782776
1969.341553	783.705933
1968.406738	812.968018
1967.471680	834.197449
1966.536499	783.242554
1965.601074	761.706909
1964.665527	758.884583
1963.729736	742.705322
1962.793823	862.757263
1961.857666	763.776855
1960.921265	851.736938
1959.984863	830.213013
1959.048096	848.731995
1958.111206	813.874817
1957.174194	824.385925
1956.236938	786.879883
1955.299561	837.395020
1954.361938	871.892151
1953.424072	807.740662
1952.486084	828.903503
1951.547974	815.416138
1950.609619	927.152954
1949.671021	868.368408
1948.732300	830.912415
1947.793457	809.447144
1946.854248	843.895020
1945.915039	801.142761
1944.975586	811.628845
1944.035889	872.661316
1943.096069	840.568604
1942.156006	906.890137
1941.215820	930.641785
1940.275391	938.433350
1939.334839	847.878479
1938.394043	858.340515
1937.453125	863.484680
1936.511963	950.973694
1935.570679	865.799316
1934.629150	833.764587
1933.687378	838.909363
1932.745605	886.520081
1931.803467	883.691101
1930.861206	849.024780
1929.918823	899.257813
1928.976196	838.080505
1928.033325	872.385986
1927.090332	925.235596
1926.147095	837.583435
1925.203735	855.968201
1924.260254	929.985779
1923.316406	903.311768
1922.372559	852.811890
1921.428345	879.122803
1920.484131	818.057800
1919.539551	873.481140
1918.594849	897.125793
1917.650024	788.467773
1916.704956	883.544006
1915.759766	880.724365
1914.814331	846.174194
1913.868652	875.088196
1912.922852	951.569153
1911.976929	895.883545
1911.030640	961.761169
1910.084351	929.870605
1909.137817	868.939941
1908.191040	971.752502
1907.244141	910.837524
1906.296997	947.611328
1905.349731	1042.429932
1904.402222	976.259888
1903.454468	997.170654
1902.506592	1018.073059
1901.558594	1031.056152
1900.610352	1094.126709
1899.661865	1022.739868
1898.713257	1030.443359
1897.764526	1069.762329
1896.815430	1069.550293
1895.866333	1106.212036
1894.916870	1063.859741
1893.967407	1066.281616
1893.017578	1042.379761
1892.067627	1034.277832
1891.117554	1023.547791
1890.167236	1052.282593
1889.216675	1044.183350
1888.265991	1030.827881
1887.315186	1009.590332
1886.364136	1075.105591
1885.412842	1003.933594
1884.461426	1011.617188
1883.509766	1045.568115
1882.557861	990.203491
1881.605957	1013.641113
1880.653687	1094.830200
1879.701294	1081.488037
1878.748779	1013.037659
1877.795898	989.221252
1876.843018	1023.129150
1875.889893	1009.811584
1874.936523	991.254517
1873.983032	1043.494629
1873.029297	1003.967529
1872.075317	1064.046631
1871.121216	1029.771606
1870.166992	953.593933
1869.212524	958.643005
1868.257813	1010.827026
1867.302979	1036.808228
1866.347900	1104.661987
1865.392700	1015.458984
1864.437256	1085.906616
1863.481689	1114.468140
1862.525879	1064.550171
1861.569824	1059.108398
1860.613647	1077.199829
1859.657349	1076.985718
1858.700806	1079.385132
1857.744019	1097.461548
1856.787109	1125.980713
1855.829956	1138.816650
1854.872559	1149.035889
1853.915039	1211.469604
1852.957397	1203.397461
1851.999512	1247.526245
1851.041382	1192.481323
1850.083130	1187.026367
1849.124634	1231.131836
1848.166016	1230.886963
1847.207153	1131.564941
1846.248169	1146.980347
1845.288940	1201.483398
1844.329468	1136.100952
1843.369873	1146.295654
1842.410034	1146.067505
1841.450073	1135.422607
1840.489868	1184.666138
1839.529541	1134.970581
1838.568970	1158.168213
1837.608154	1131.916504
1836.647217	1110.878418
1835.686035	1134.066772
1834.724731	1170.248657
1833.763184	1073.814331
1832.801514	1104.794556
1831.839600	1068.188477
1830.877441	1034.195435
1829.915161	1122.320190
1828.952759	1075.342529
1827.989990	1062.143555
1827.027100	1147.613403
1826.064087	1147.384766
1825.100830	1066.699341
1824.137451	1058.702148
1823.173706	1131.132690
1822.209961	1084.218384
1821.245972	1071.035645
1820.281738	1081.193237
1819.317261	1047.278076
1818.352661	1119.638428
1817.387939	1064.999023
1816.422974	994.837158
1815.457764	1095.656738
1814.492432	1046.234131
1813.526855	1141.824707
1812.561035	1001.809509
1811.595093	1048.196167
1810.629028	1050.574585
1809.662720	1050.364990
1808.696167	1104.473633
1807.729370	1112.011475
1806.762573	1078.177246
1805.795410	1077.962036
1804.828125	1126.852783
1803.860596	1126.627808
1802.892944	1100.567993
1801.925049	1084.850342
1800.957031	1200.844482
1799.988770	1117.982422
1799.020264	1071.293335
1798.051636	1140.764038
1797.082764	1143.116577
1796.113770	1150.627808
1795.144531	1204.564697
1794.175049	1204.323975
1793.205444	1165.408325
1792.235718	1152.286377
1791.265625	1141.746826
1790.295410	1136.365112
1789.325073	1197.968506
1788.354492	1264.698853
1787.383667	1238.693604
1786.412720	1189.526123
1785.441528	1204.733521
1784.470215	1227.656006
1783.498657	1268.581543
1782.526855	1209.156372
1781.554932	1216.630981
1780.582764	1159.811401
1779.610474	1216.144287
1778.637939	1221.042236
1777.665161	1272.199951
1776.692261	1215.414551
1775.719238	1258.845581
1774.745850	1235.476685
1773.772339	1245.501587
1772.798706	1276.062744
1771.824829	1352.817871
1770.850708	1349.980591
1769.876465	1359.974243
1768.901978	1362.267456
1767.927246	1464.593262
1766.952393	1418.139893
1765.977295	1476.826416
1765.002075	1471.403809
1764.026611	1463.420410
1763.050903	1483.626465
1762.075073	1457.710571
1761.099121	1564.995972
1760.122803	1295.792725
1759.146362	1395.386475
1758.169800	1387.427368
1757.192993	1435.776367
1756.215942	1512.252686
1755.238770	1419.851196
1754.261353	1370.968872
1753.283691	1391.152222
1752.305908	1406.213867
1751.327881	1431.494385
1750.349731	1377.537109
1749.371338	1336.377441
1748.392700	1371.875366
1747.413940	1348.612549
1746.434937	1396.861938
1745.455811	1417.007080
1744.476440	1426.933594
1743.496826	1444.512329
1742.517090	1405.948120
1741.537109	1489.852905
1740.557007	1423.238281
1739.576660	1456.103882
1738.596069	1504.253784
1737.615356	1376.498291
1736.634399	1432.290405
1735.653198	1485.511963
1734.671875	1515.784180
1733.690308	1469.633423
1732.708618	1469.338379
1731.726685	1456.313354
1730.744507	1501.839844
1729.762207	1509.173218
1728.779663	1501.236694
1727.796997	1528.918701
1726.814087	1508.264160
1725.830933	1566.448730
1724.847656	1573.761230
1723.864136	1581.070923
1722.880371	1631.581299
1721.896484	1600.762695
1720.912354	1564.875732
1719.928101	1541.702393
1718.943604	1579.483032
1717.958862	1589.320923
1716.973999	1632.153320
1715.988892	1672.430542
1715.003662	1669.557007
1714.018066	1742.788818
1713.032471	1762.728760
1712.046509	1726.873291
1711.060425	1721.455444
1710.074219	1700.831055
1709.087646	1771.448364
1708.101074	1707.748169
1707.114136	1818.867310
1706.127075	1767.846802
1705.139771	1886.505615
1704.152344	1713.969482
1703.164673	1827.528809
1702.176758	1900.551147
1701.188721	1895.108276
1700.200439	1894.726929
1699.211914	1972.749634
1698.223267	1967.295288
1697.234497	2083.194092
1696.245361	2044.860107
1695.256104	1988.851440
1694.266602	2033.930176
1693.276978	2126.986816
1692.287109	2156.865723
1691.296997	2217.033447
1690.306763	2236.783691
1689.316284	2105.081055
1688.325684	2281.306885
1687.334839	2295.985596
1686.343750	2265.252441
1685.352539	2340.457275
1684.361084	2445.890137
1683.369385	2528.591309
1682.377563	2613.779297
1681.385498	2789.653320
1680.393188	2957.897705
1679.400757	3078.213379
1678.408081	3208.554199
1677.415283	3381.647949
1676.422119	3532.014404
1675.428955	3710.006592
1674.435425	3933.223145
1673.441772	3907.270508
1672.447876	4122.810547
1671.453857	4451.435547
1670.459595	4686.893555
1669.465088	5030.354980
1668.470459	5519.456055
1667.475586	5812.352051
1666.480591	6348.832520
1665.485229	7141.309570
1664.489868	7725.020996
1663.494141	8695.171875
1662.498291	10026.423828
1661.502197	11982.094727
1660.505981	14140.232422
1659.509521	17223.265625
1658.512817	20362.744141
1657.515869	22941.705078
1656.518799	25707.673828
1655.521606	27377.041016
1654.524048	28296.343750
1653.526367	29373.138672
1652.528564	30720.070313
1651.530396	33223.675781
1650.532104	36652.855469
1649.533691	40874.347656
1648.535034	44235.507813
1647.536133	46051.089844
1646.536987	45558.847656
1645.537720	42292.339844
1644.538208	37841.554688
1643.538452	33094.976563
1642.538574	28692.849609
1641.538452	25114.916016
1640.538208	22353.177734
1639.537720	20274.710938
1638.536987	18656.755859
1637.536011	17006.984375
1636.534912	15789.898438
1635.533691	14723.105469
1634.532104	13861.431641
1633.530396	13114.909180
1632.528442	12775.404297
1631.526367	12296.333008
1630.524048	12231.490234
1629.521484	12194.103516
1628.518799	12418.514648
1627.515747	13226.120117
1626.512695	14457.065430
1625.509277	16631.853516
1624.505737	19388.689453
1623.501953	23364.830078
1622.498047	28499.769531
1621.493896	34284.914063
1620.489502	40107.542969
1619.484985	44474.445313
1618.480225	47476.078125
1617.475220	48197.824219
1616.470093	46902.218750
1615.464722	45609.617188
1614.459106	43991.859375
1613.453247	44010.289063
1612.447266	45584.386719
1611.441162	48993.968750
1610.434692	51430.878906
1609.428101	53705.367188
1608.421265	51752.699219
1607.414307	48003.421875
1606.407104	42334.527344
1605.399658	36695.222656
1604.392090	31212.031250
1603.384155	26534.769531
1602.376221	23094.480469
1601.367920	20273.000000
1600.359497	17683.216797
1599.350830	15733.954102
1598.342041	13951.510742
1597.332886	12516.649414
1596.323730	10975.855469
1595.314209	10198.465820
1594.304565	9171.308594
1593.294678	8424.306641
1592.284546	7754.333008
1591.274292	7421.169922
1590.263794	7043.608398
1589.253052	6849.242188
1588.242188	6729.145508
1587.231079	6371.733887
1586.219849	6123.236328
1585.208252	6203.553711
1584.196533	6219.590820
1583.184570	6121.977051
1582.172485	6177.544434
1581.160156	6319.522461
1580.147583	6350.335938
1579.134888	6610.709473
1578.121948	6779.659668
1577.108765	7328.539551
1576.095337	7832.789551
1575.081787	8139.512695
1574.067993	8853.003906
1573.054077	9590.859375
1572.039795	10609.425781
1571.025391	11659.617188
1570.010864	13234.214844
1568.995972	14689.923828
1567.980957	16152.428711
1566.965820	17892.601563
1565.950317	19693.615234
1564.934692	21141.900391
1563.918823	22633.892578
1562.902832	23810.333984
1561.886597	24752.591797
1560.870117	25150.916016
1559.853394	25337.601563
1558.836548	24749.779297
1557.819458	23535.404297
1556.802124	21439.277344
1555.784668	19452.111328
1554.766968	17286.427734
1553.749023	15178.112305
1552.730957	13520.011719
1551.712646	11730.015625
1550.694092	10355.558594
1549.675293	9104.361328
1548.656372	8059.767090
1547.637207	7363.924805
1546.617798	6531.025391
1545.598267	6017.225586
1544.578491	5542.858887
1543.558472	5223.098633
1542.538330	4896.116699
1541.517944	4459.017578
1540.497314	4328.285156
1539.476440	4168.217285
1538.455444	3986.177734
1537.434204	3916.821045
1536.412720	3862.177490
1535.391113	3822.237793
1534.369263	3628.183838
1533.347168	3644.566406
1532.324951	3570.457764
1531.302368	3569.729492
1530.279785	3458.998291
1529.256836	3394.748047
1528.233765	3391.612305
1527.210449	3456.882080
1526.186890	3619.826416
1525.163086	3523.848877
1524.139160	3545.103516
1523.114990	3624.934326
1522.090698	3975.631836
1521.066040	4191.983887
1520.041260	4535.103516
1519.016357	5156.133301
1517.991089	5918.344727
1516.965698	6828.965820
1515.940063	7595.399414
1514.914185	8293.282227
1513.888184	8410.979492
1512.861938	7627.288574
1511.835449	6510.245605
1510.808838	6082.780273
1509.781982	5803.998047
1508.754883	5853.927734
1507.727539	6453.823242
1506.700073	7041.308105
1505.672363	7324.480469
1504.644409	7091.937012
1503.616211	6404.782227
1502.587891	5630.388672
1501.559326	4846.589355
1500.530640	4376.591309
1499.501587	3955.377197
1498.472412	3675.222412
1497.442993	3468.040283
1496.413452	3326.501221
1495.383545	3223.861572
1494.353516	3104.273926
1493.323364	2928.922852
1492.292847	3008.385742
1491.262207	2976.237305
1490.231323	2924.700928
1489.200195	2904.705566
1488.168945	2828.963135
1487.137451	2859.891602
1486.105713	2953.809082
1485.073730	2921.710205
1484.041626	2969.555176
1483.009277	2835.756592
1481.976685	2881.177979
1480.943970	2967.732178
1479.911011	3025.208740
1478.877808	2985.874512
1477.844360	3108.641113
1476.810791	3146.703613
1475.776855	3196.841064
1474.742920	3172.009521
1473.708618	3321.225830
1472.674194	3380.963135
1471.639404	3530.075195
1470.604614	3444.802246
1469.569458	3506.892090
1468.534180	3564.126709
1467.498657	3471.656006
1466.462891	3695.421387
1465.426880	3670.531738
1464.390747	3792.829102
1463.354370	3878.892578
1462.317749	3904.626709
1461.281006	4108.783203
1460.244019	4218.835938
1459.206787	4413.202637
1458.169312	4455.673828
1457.131592	4748.692383
1456.093750	5015.093750
1455.055664	5303.060059
1454.017456	5554.791016
1452.978882	5878.637695
1451.940186	6207.165039
1450.901245	6485.023926
1449.862061	6753.145508
1448.822754	7047.615234
1447.783203	7531.945801
1446.743408	7768.430176
1445.703369	7882.220215
1444.663208	7931.072754
1443.622803	7766.049805
1442.582153	7531.425781
1441.541260	7284.888184
1440.500244	7158.520508
1439.458862	6957.776855
1438.417358	6728.310059
1437.375732	6477.338379
1436.333740	6396.827637
1435.291626	6237.185059
1434.249268	6245.497070
1433.206665	6052.379395
1432.163940	6010.379395
1431.120972	5939.633301
1430.077759	5768.264160
1429.034302	5568.213867
1427.990723	5612.583496
1426.946777	5700.043945
1425.902710	5485.763184
1424.858521	5513.363281
1423.813965	5256.125488
1422.769287	5118.643066
1421.724365	5186.973633
1420.679199	4973.017090
1419.633911	5046.131348
1418.588257	4760.560059
1417.542480	4582.680176
1416.496460	4550.666992
1415.450317	4506.718262
1414.403809	4484.289551
1413.357178	4445.149414
1412.310303	4472.892090
1411.263306	4419.444336
1410.215942	4411.373535
1409.168457	4334.093750
1408.120728	4442.963379
1407.072754	4513.617676
1406.024658	4486.451660
1404.976318	4454.527832
1403.927734	4486.988770
1402.878906	4474.146484
1401.829834	4647.196777
1400.780640	4777.287598
1399.731201	4957.350586
1398.681519	5101.613281
1397.631592	5164.854980
1396.581543	5237.593262
1395.531250	5231.753906
1394.480713	5682.827148
1393.429932	5691.172852
1392.378906	6065.844727
1391.327759	6164.481934
1390.276367	6567.434082
1389.224731	6958.333496
1388.172974	7199.332520
1387.120850	7746.776367
1386.068604	8391.402344
1385.016113	8886.116211
1383.963379	9663.232422
1382.910522	10463.770508
1381.857422	11570.206055
1380.803955	12673.810547
1379.750488	14220.689453
1378.696655	15728.970703
1377.642700	17950.570313
1376.588379	20481.910156
1375.533936	22798.818359
1374.479370	25513.003906
1373.424438	27913.234375
1372.369385	29774.605469
1371.314087	31047.703125
1370.258545	30918.132813
1369.202759	29881.673828
1368.146851	27941.253906
1367.090576	25454.855469
1366.034180	22702.064453
1364.977539	20203.574219
1363.920776	17902.457031
1362.863647	16463.167969
1361.806396	14868.412109
1360.748901	13749.494141
1359.691284	12590.857422
1358.633301	11659.555664
1357.575195	10728.638672
1356.516724	10105.181641
1355.458130	9481.981445
1354.399414	8922.790039
1353.340332	8729.732422
1352.281128	8350.299805
1351.221680	7987.541016
1350.161987	7929.269043
1349.102051	7868.661621
1348.041992	8065.125000
1346.981567	8091.750000
1345.921021	8262.155273
1344.860229	8684.663086
1343.799316	8909.069336
1342.738037	9510.307617
1341.676636	9993.531250
1340.614990	10695.551758
1339.553101	11359.612305
1338.490967	12421.196289
1337.428711	13456.452148
1336.366089	14761.858398
1335.303345	16828.892578
1334.240356	19527.730469
1333.177246	23074.302734
1332.113770	27646.755859
1331.050171	31838.896484
1329.986328	36877.628906
1328.922241	42045.839844
1327.857910	48052.835938
1326.793457	54839.390625
1325.728638	60550.093750
1324.663696	64777.148438
1323.598511	67427.601563
1322.533081	66198.125000
1321.467529	61257.703125
1320.401733	52901.839844
1319.335571	43276.058594
1318.269287	34148.972656
1317.202881	27557.302734
1316.136108	22114.392578
1315.069092	18142.882813
1314.001953	15035.113281
1312.934570	12589.121094
1311.866943	11048.029297
1310.799194	9783.835938
1309.731079	8812.754883
1308.662842	8225.872070
1307.594360	7583.078613
1306.525635	7101.959961
1305.456665	7006.935547
1304.387451	6631.357422
1303.318115	6711.804199
1302.248535	6479.018066
1301.178711	6487.020508
1300.108643	6364.184570
1299.038330	6150.301270
1297.967896	5913.152344
1296.897095	5930.603516
1295.826172	5726.279785
1294.755005	5603.727051
1293.683716	5679.566895
1292.612061	5802.033203
1291.540161	5884.796875
1290.468140	6088.788574
1289.395874	6432.584473
1288.323364	6834.512695
1287.250732	7441.358887
1286.177734	8411.439453
1285.104614	9607.082031
1284.031128	11540.542969
1282.957520	14316.148438
1281.883667	17933.371094
1280.809692	22221.773438
1279.735352	26764.375000
1278.660889	30476.798828
1277.586182	30342.523438
1276.511230	28843.125000
1275.436035	25753.912109
1274.360596	22442.810547
1273.285034	19063.357422
1272.209106	15896.769531
1271.133057	13128.776367
1270.056763	11026.250000
1268.980225	9635.220703
1267.903564	8469.986328
1266.826538	7815.928711
1265.749390	7637.917969
1264.671997	7854.442871
1263.594360	8358.542969
1262.516479	9453.879883
1261.438354	10977.760742
1260.359985	13333.324219
1259.281494	16278.985352
1258.202759	19251.228516
1257.123779	20762.529297
1256.044556	20609.949219
1254.965088	19324.896484
1253.885498	17060.904297
1252.805542	15332.631836
1251.725464	13618.965820
1250.645142	12570.158203
1249.564575	12264.456055
1248.483765	11880.234375
1247.402710	11988.765625
1246.321533	12740.033203
1245.239990	14339.375000
1244.158325	16545.894531
1243.076416	20313.541016
1241.994263	25867.740234
1240.911987	32671.511719
1239.829346	40927.285156
1238.746582	49142.675781
1237.663452	55531.070313
1236.580200	58542.746094
1235.496704	56253.183594
1234.412964	49618.429688
1233.329102	40931.449219
1232.244873	33103.585938
1231.160522	27183.263672
1230.075806	23173.904297
1228.990967	20896.869141
1227.905884	19219.816406
1226.820679	18494.808594
1225.735107	17889.861328
1224.649292	16944.388672
1223.563354	16346.918945
1222.477173	15473.509766
1221.390747	14828.272461
1220.304077	13819.806641
1219.217163	12797.959961
1218.130005	11884.624023
1217.042725	11059.036133
1215.955078	10426.883789
1214.867310	9760.521484
1213.779297	9066.864258
1212.691040	8217.282227
1211.602539	7724.055664
1210.513794	6838.367676
1209.424927	6409.916992
1208.335693	5866.877930
1207.246338	5482.410645
1206.156738	5116.458984
1205.066895	4684.136719
1203.976807	4389.600098
1202.886475	4106.650879
1201.795898	3981.999512
1200.705200	3802.392578
1199.614258	3746.601318
1198.522949	3654.177002
1197.431519	3612.182861
1196.339844	3583.946533
1195.247925	3537.405029
1194.155884	3520.641113
1193.063477	3485.575195
1191.970947	3560.354492
1190.878052	3568.760010
1189.785034	3503.971924
1188.691772	3535.252441
1187.598267	3507.077637
1186.504517	3597.773438
1185.410522	3569.596924
1184.316406	3431.761963
1183.221924	3433.327637
1182.127319	3373.228760
1181.032471	3411.339355
1179.937378	3490.525879
1178.842041	3590.220459
1177.746460	3794.841553
1176.650635	4211.551270
1175.554565	4723.887207
1174.458374	6077.508789
1173.361816	8050.727051
1172.265137	11639.307617
1171.168213	17819.951172
1170.071045	27345.238281
1168.973633	37868.894531
1167.875977	42498.199219
1166.778076	36844.242188
1165.680054	25248.267578
1164.581665	15846.851563
1163.483154	10136.035156
1162.384399	7196.577148
1161.285278	5634.582031
1160.186035	4653.183594
1159.086670	3988.256104
1157.986938	3750.993164
1156.886963	3359.275635
1155.786743	3165.418701
1154.686401	2983.002686
1153.585815	2868.805664
1152.484863	2820.513672
1151.383789	2670.070557
1150.282471	2556.010498
1149.180908	2519.161621
1148.079102	2507.287598
1146.977173	2352.499023
1145.874878	2406.438965
1144.772339	2310.694092
1143.669678	2351.017090
1142.566772	2334.656738
1141.463501	2220.857178
1140.360107	2261.173340
1139.256470	2183.680420
1138.152588	2094.896240
1137.048462	2137.477295
1135.944214	2148.347168
1134.839600	2190.898926
1133.734863	2174.598389
1132.629761	2149.255127
1131.524536	2218.922363
1130.418945	2236.547119
1129.313232	2421.474609
1128.207275	2533.989014
1127.101074	2700.695801
1125.994629	2799.546875
1124.888062	2909.651367
1123.781128	3049.070801
1122.673950	2971.654053
1121.566650	2797.192139
1120.459106	2848.517822
1119.351196	2802.785156
1118.243164	2646.517822
1117.134888	2625.659424
1116.026367	2710.806152
1114.917603	2766.604980
1113.808594	2946.366211
1112.699341	3200.427979
1111.589844	3600.850098
1110.480225	4282.712402
1109.370239	5036.364746
1108.260132	6019.395020
1107.149780	6797.129395
1106.039063	7338.183105
1104.928223	7656.208496
1103.817139	7762.597168
1102.705811	7538.255859
1101.594238	6918.170410
1100.482422	5949.812012
1099.370361	4777.281250
1098.258179	3859.229736
1097.145630	3256.170898
1096.032837	2925.218018
1094.919922	2531.509766
1093.806763	2411.950684
1092.693237	2164.460205
1091.579590	2199.920898
1090.465698	2026.642456
1089.351563	2039.678223
1088.237183	1978.676392
1087.122559	1928.914673
1086.007690	2051.842529
1084.892578	1979.666382
1083.777222	1979.248779
1082.661743	1963.143921
1081.545898	1893.272339
1080.429932	1948.875000
1079.313599	1899.192139
1078.197144	1894.313110
1077.080444	1956.595947
1075.963379	1880.084229
1074.846191	1942.343506
1073.728760	1809.935669
1072.611084	1874.420044
1071.493164	1831.534424
1070.375000	1851.270142
1069.256592	1864.291260
1068.138062	1942.118652
1067.019165	1836.690796
1065.900024	1925.660522
1064.780762	1847.082153
1063.661133	1924.846924
1062.541382	1819.511230
1061.421265	1895.016724
1060.301025	1934.784668
1059.180542	1912.064575
1058.059814	2000.886108
1056.938721	1913.486450
1055.817505	2069.160889
1054.696045	2010.763428
1053.574341	2199.782471
1052.452393	2194.860840
1051.330322	2287.964844
1050.207886	2441.167480
1049.085205	2596.532227
1047.962280	2707.302734
1046.839233	2749.022705
1045.715820	2839.684814
1044.592163	2890.258789
1043.468384	2900.769775
1042.344360	2911.275879
1041.219971	2975.143555
1040.095459	3041.206787
1038.970581	3182.811768
1037.845581	3391.021240
1036.720337	3599.142334
1035.594849	3640.583496
1034.469116	3655.357910
1033.343140	3485.842285
1032.216919	3327.497314
1031.090454	3238.018799
1029.963745	3161.891357
1028.836792	3261.049561
1027.709595	3309.153076
1026.582153	3363.888428
1025.454590	3591.525879
1024.326660	3768.086426
1023.198547	4099.695313
1022.070129	4293.797852
1020.941528	4846.665527
1019.812683	5188.907715
1018.683594	5674.925781
1017.554260	6045.624512
1016.424683	6194.842773
1015.294861	6076.252441
1014.164856	5656.839844
1013.034546	5334.925293
1011.904053	4860.562988
1010.773254	4523.477051
1009.642273	4495.992188
1008.510986	4324.872070
1007.379517	4288.603027
1006.247803	4073.418457
1005.115845	3825.197266
1003.983643	3579.289063
1002.851135	3441.657715
1001.718506	3279.806152
1000.585571	3089.336182
999.452393	3062.206055
998.318970	2986.560791
997.185303	2875.663574
996.051392	2839.776123
994.917297	2673.848389
993.782898	2695.319092
992.648315	2628.644775
991.513428	2597.245361
990.378357	2477.760986
989.242981	2523.476318
988.107422	2505.327881
986.971619	2451.970215
985.835571	2471.254395
984.699219	2560.933838
983.562683	2542.792236
982.425903	2632.417969
981.288879	2660.441650
980.151611	2864.312744
979.014099	2966.999268
977.876343	3199.282959
976.738342	3508.357422
975.600098	3993.010010
974.461609	4708.026855
973.322876	5943.058105
972.183960	7803.131836
971.044739	10035.479492
969.905273	12611.340820
968.765564	13758.088867
967.625671	12902.042969
966.485474	10704.464844
965.345032	8137.344238
964.204407	6130.201172
963.063477	4770.327637
961.922302	3998.160156
960.780945	3410.306641
959.639282	3037.307617
958.497437	2828.670410
957.355286	2589.477051
956.212952	2424.792480
955.070313	2406.771973
953.927490	2404.071777
952.784363	2556.652588
951.641052	2726.660645
950.497437	2935.946289
949.353638	3398.677246
948.209534	3437.286133
947.065247	3292.362305
945.920654	2942.180908
944.775879	2576.862305
943.630798	2314.314941
942.485535	2267.981445
941.339966	2191.114502
940.194214	2160.100342
939.048218	2113.829102
937.901917	2135.187988
936.755432	2158.718262
935.608643	2086.315918
934.461670	2042.278931
933.314392	2118.112549
932.166931	2115.481934
931.019165	2269.682617
929.871155	2332.352539
928.722961	2355.804443
927.574463	2344.417725
926.425781	2267.745361
925.276794	2271.612793
924.127625	2234.145996
922.978149	2170.595459
921.828430	2187.527588
920.678467	2274.021240
919.528320	2214.849609
918.377869	2257.838135
917.227173	2313.843994
916.076233	2367.653809
914.925110	2371.491211
913.773682	2464.347412
912.622009	2459.479248
911.470093	2498.019043
910.317932	2425.880371
909.165527	2492.612549
908.012878	2444.363525
906.859985	2313.734131
905.706848	2324.079346
904.553406	2336.587402
903.399780	2188.728027
902.245911	2231.591797
901.091797	2250.609619
899.937378	2202.483398
898.782776	2344.915771
897.627930	2314.107666
896.472778	2250.848633
895.317383	2202.762939
894.161804	2290.989014
893.005920	2225.612061
891.849854	2318.119873
890.693481	2339.243408
889.536865	2276.059082
888.380005	2409.556152
887.222900	2517.068848
886.065552	2535.970947
884.907959	2492.234863
883.750122	2673.072998
882.592041	2711.357422
881.433716	2792.790527
880.275085	2895.766602
879.116272	3072.047852
877.957214	3215.900391
876.797852	3536.516602
875.638245	3772.913330
874.478455	4065.251221
873.318359	4428.579590
872.158020	4852.079590
870.997437	5542.506348
869.836609	6428.618164
868.675537	7490.910156
867.514221	9069.398438
866.352661	11213.252930
865.190857	14399.806641
864.028748	18880.095703
862.866455	25541.595703
861.703857	34569.988281
860.541077	46963.476563
859.377991	59714.906250
858.214661	68528.140625
857.051086	67978.445313
855.887329	57277.039063
854.723206	43485.468750
853.558899	31801.910156
852.394348	23835.041016
851.229553	18299.011719
850.064453	14252.398438
848.899170	11769.326172
847.733582	9647.660156
846.567749	8361.082031
845.401672	7623.909668
844.235352	6994.227539
843.068787	6741.989746
841.901978	6590.561523
840.734924	6841.915039
839.567566	7585.740723
838.400024	8676.119141
837.232178	10585.930664
836.064148	13237.595703
834.895813	15361.725586
833.727234	15660.072266
832.558411	13860.034180
831.389282	11470.561523
830.219971	9608.057617
829.050415	8904.886719
827.880554	8655.073242
826.710449	8311.356445
825.540161	8215.579102
824.369568	8252.253906
823.198730	8412.754883
822.027588	8161.178223
820.856262	7785.919922
819.684692	7451.365723
818.512817	6890.816406
817.340698	6394.495605
816.168396	5981.554199
814.995789	6046.358887
813.822876	6198.528320
812.649780	6474.234863
811.476440	6545.282227
810.302795	7006.118652
809.128967	7907.606445
807.954834	8934.331055
806.780457	9898.876953
805.605835	11918.660156
804.430908	14373.787109
803.255798	17334.179688
802.080383	21756.642578
800.904785	28071.908203
799.728882	35592.039063
798.552734	43140.812500
797.376343	46994.992188
796.199646	45276.628906
795.022766	39302.093750
793.845581	30443.953125
792.668152	22874.222656
791.490479	16946.583984
790.312561	12581.446289
789.134399	9862.676758
787.955994	8065.793945
786.777283	6642.981934
785.598328	5873.911133
784.419128	5147.573730
783.239685	4569.923828
782.059998	4257.418945
780.880005	4057.341064
779.699829	3865.822021
778.519348	3617.204834
777.338623	3529.612793
776.157654	3423.006592
774.976379	3337.610352
773.794922	3203.583252
772.613159	3221.931152
771.431152	3107.022217
770.248901	3171.903809
769.066406	3139.506592
767.883606	3191.670654
766.700623	3140.263428
765.517334	3137.472168
764.333801	3073.424805
763.150024	3203.696045
761.965942	3226.229248
760.781677	3164.314453
759.597107	3378.900879
758.412292	3316.979248
757.227234	3390.097412
756.041931	3376.709717
754.856323	3363.327637
753.670471	3596.612061
752.484375	3604.265381
751.298035	3801.572021
750.111450	3885.023682
748.924561	4071.651855
747.737427	4192.915527
746.550049	4293.071289
745.362427	4515.274414
744.174561	4659.512695
742.986389	4711.106934
741.797974	4958.318848
740.609314	5070.818848
739.420410	5265.276367
738.231201	5419.706055
737.041809	5666.549316
735.852112	5694.741699
734.662109	5823.765625
733.471924	5996.843750
732.281433	5907.344238
731.090759	5895.566895
729.899780	5873.298340
728.708496	5882.519531
727.517029	5856.066406
726.325256	5720.541992
725.133240	5721.399902
723.940979	5481.121094
722.748413	5509.282227
721.555664	5397.003906
720.362610	5431.457031
719.169250	5593.690918
717.975708	5977.877441
716.781860	6464.507813
715.587830	7530.869141
714.393433	9295.895508
713.198853	11960.036133
712.003967	15725.657227
710.808838	17397.806641
709.613464	16632.769531
708.417847	13202.127930
707.221924	10234.968750
706.025757	8307.836914
704.829346	7397.071777
703.632690	6687.256348
702.435730	6362.062500
701.238525	6145.596191
700.041077	6123.384277
698.843384	5840.269043
697.645386	6047.685547
696.447144	6117.309570
695.248657	6216.106445
694.049866	6287.748535
692.850891	6484.460938
691.651611	6558.097168
690.452026	6615.028320
689.252258	6719.858398
688.052185	6732.980957
686.851868	6614.882324
685.651306	6667.584961
684.450439	6424.639160
683.249329	6250.485352
682.047974	6163.807129
680.846313	6058.441895
679.644409	5743.036133
678.442261	5409.050293
677.239868	5397.478516
676.037170	5171.805176
674.834290	5031.437500
673.631042	4878.664063
672.427612	4890.066895
671.223877	4976.232422
670.019897	4728.053223
668.815674	4878.571289
667.611145	4906.567383
666.406372	4882.673340
665.201355	4891.983887
663.996033	5135.672363
662.790466	5464.277344
661.584656	5898.476074
660.378601	6653.773438
659.172241	7790.058594
657.965637	9653.093750
656.758789	12687.769531
655.551636	16959.593750
654.344238	23347.750000
653.136597	31265.009766
651.928650	36978.761719
650.720459	37440.417969
649.512024	31358.359375
648.303284	23123.767578
647.094299	16087.987305
645.885071	11540.304688
644.675598	9061.567383
643.465820	7313.388184
642.255798	6508.095703
641.045471	5773.384277
639.834900	5352.897461
638.624084	5341.406738
637.413025	5282.442383
636.201660	5427.820801
634.990051	5859.942383
633.778137	6562.116211
632.566040	7577.477051
631.353638	8872.827148
630.140930	10532.508789
628.927979	12525.364258
627.714783	13754.905273
626.501343	13240.970703
625.287598	11625.287109
624.073608	9674.641602
622.859314	7623.962402
621.644775	6274.038086
620.429993	5336.295410
619.214966	4658.208496
617.999634	4342.459961
616.784058	3969.264404
615.568176	3754.556396
614.352051	3840.076172
613.135681	3919.392334
611.919006	4206.210449
610.702087	4509.337402
609.484924	5229.277344
608.267456	6055.683105
607.049744	7329.285156
605.831787	8360.126953
604.613525	9060.125000
603.395020	8852.976563
602.176208	7948.501465
600.957153	6613.757813
599.737854	5437.472656
598.518250	4708.575684
597.298401	4049.677979
596.078308	3874.628418
594.857910	3470.219238
593.637268	3356.814941
592.416321	3182.031250
591.195129	3128.107910
589.973694	2932.982666
588.751953	2883.229492
587.529968	2792.581055
586.307739	2761.288818
585.085205	2668.661377
583.862427	2582.207764
582.639343	2645.008057
581.416016	2546.335693
580.192444	2551.907471
578.968567	2465.554443
577.744446	2479.310303
576.520020	2409.345215
575.295410	2396.569092
574.070435	2375.634766
572.845215	2381.235596
571.619751	2415.394287
570.394043	2400.587646
569.168030	2326.652588
567.941711	2273.136719
566.715210	2270.600098
565.488403	2188.590576
564.261292	2300.164551
563.033936	2254.848389
561.806335	2313.411133
560.578430	2274.219482
559.350281	2296.111816
558.121826	2222.343994
556.893127	2201.509766
555.664124	2257.984863
554.434875	2279.860840
553.205383	2252.927246
551.975586	2189.413574
550.745544	2223.484375
549.515259	2186.420410
548.284668	2190.003418
547.053772	2201.709229
545.822632	2184.980469
544.591248	2216.984131
543.359558	2208.378174
542.127625	2175.424072
540.895447	2189.148193
539.662903	2158.240967
538.430176	2297.697266
537.197144	2285.027344
535.963867	2262.227295
534.730286	2213.090576
533.496460	2234.892334
532.262329	2266.813232
531.027954	2242.011230
529.793274	2178.747803
528.558350	2230.903564
527.323181	2351.851074
526.087708	2327.051758
524.851990	2516.709229
523.615967	2477.725830
522.379639	2636.933594
521.143127	2741.484131
519.906250	2674.178223
518.669189	2829.195557
517.431824	2957.879395
516.194153	2904.709473
514.956238	2942.440918
513.718079	3004.384766
512.479614	3122.822754
511.240845	3624.663818
510.001831	4251.383789
508.762573	5464.861328
507.523010	7381.686523
506.283173	10586.152344
505.043091	14037.170898
503.802704	15386.494141
502.562073	13289.439453
501.321136	9335.814453
500.079956	6346.713379
498.838470	4532.943359
497.596741	3718.570068
496.354736	3333.294434
495.112427	3147.417725
493.869873	2947.538818
492.627045	2985.108154
491.383942	2843.674072
490.140533	2937.547119
488.896881	2904.736328
487.652954	2849.832520
486.408752	3009.948975
485.164276	3099.684082
483.919495	3121.093018
482.674469	3168.596191
481.429169	3230.130859
480.183594	3400.021484
478.937744	3557.796875
477.691620	3853.930908
476.445190	4161.968750
475.198517	4437.784668
473.951569	4986.143066
472.704346	5636.485352
471.456818	6498.963867
470.209045	7833.900391
468.960999	9348.526367
467.712646	10986.649414
466.464050	12517.929688
465.215149	13267.835938
463.966003	13018.740234
462.716553	11327.103516
461.466858	9662.218750
460.216858	8044.069824
458.966583	6664.584961
457.716064	6035.384277
456.465240	5610.327637
455.214142	5367.299316
453.962769	5118.384766
452.711121	4781.695313
451.459198	4293.388672
450.207001	3973.001953
448.954529	3610.839600
447.701752	3412.476807
446.448730	3100.477051
445.195404	3113.754395
443.941833	2947.540527
442.687958	3020.660400
441.433807	2844.573242
440.179413	2782.162354
438.924713	2835.344482
437.669739	2936.312500
436.414490	2905.788330
435.158936	2803.594482
433.903137	2828.853516
432.647034	2830.217529
431.390686	2849.489502
430.134033	2890.636475
428.877106	2834.304688
427.619904	2964.920898
426.362427	2930.466309
425.104675	2943.730957
423.846649	2891.410889
422.588318	2988.122803
421.329742	3041.091797
420.070862	3205.247803
418.811707	3379.258301
417.552277	3612.741943
416.292572	4215.254395
415.032593	5103.216309
413.772308	6528.367676
412.511749	7911.237793
411.250946	8157.336426
409.989838	7166.317871
408.728424	5882.410645
407.466766	4941.872559
406.204834	4774.367188
404.942596	4777.269043
403.680084	5085.118164
402.417297	5622.480957
401.154236	6504.004395
399.890869	7614.685059
398.627258	9502.394531
397.363342	12277.383789
396.099152	16530.347656
394.834686	22473.830078
393.569946	29414.867188
392.304901	34835.074219
391.039581	35426.003906
389.773987	30294.062500
388.508118	23483.744141
387.241974	17128.603516
385.975525	12825.338867
384.708801	9781.169922
383.441803	8076.156250
382.174530	7018.954102
380.906952	6045.057129
379.639099	5564.554688
378.370972	5184.807129
377.102570	4903.776855
375.833862	4547.990723
374.564911	4432.713867
373.295654	4309.609375
372.026093	4275.174316
370.756287	4162.002930
369.486176	4100.058594
368.215790	3916.131592
366.945129	3812.952148
365.674164	3701.950195
364.402954	3577.231201
363.131409	3507.619629
361.859619	3518.633545
360.587524	3508.023926
359.315186	3479.735352
358.042511	3400.384521
356.769592	3421.231201
355.496368	3508.828369
354.222870	3608.164795
352.949097	3577.921387
351.675018	3791.006592
350.400665	3964.760742
349.126038	4144.321289
347.851105	4570.875977
346.575897	4963.912109
345.300415	5521.416016
344.024658	6496.064941
342.748596	7636.808105
341.472260	9176.622070
340.195618	11060.407227
338.918701	12496.961914
337.641510	13251.695313
336.364044	13444.439453
335.086273	14122.317383
333.808228	15664.492188
332.529877	18166.210938
331.251282	20645.304688
329.972351	22016.876953
328.693176	22475.148438
327.413696	21395.476563
326.133942	19265.306641
324.853882	16425.175781
323.573547	13910.444336
322.292938	11601.813477
321.012024	9799.714844
319.730835	8620.887695
318.449371	7672.788574
317.167603	7117.150879
315.885559	6546.161133
314.603210	6094.349121
313.320587	5792.821777
312.037689	5351.122070
310.754486	5236.927734
309.471008	5070.192871
308.187225	5076.849609
306.903198	4795.353516
305.618835	4735.886230
304.334198	4752.342773
303.049286	4601.465820
301.764099	4540.135254
300.478607	4377.703613
299.192810	4394.224121
297.906769	4319.373047
296.620392	4258.159668
295.333771	4239.719727
294.046844	4225.173340
292.759613	4160.136719
291.472107	4293.186523
290.184326	4169.923828
288.896240	4201.985840
287.607849	4092.381104
286.319214	4138.025391
285.030273	4109.945313
283.741028	4213.738770
282.451508	4245.753906
281.161682	4229.297363
279.871582	4278.733887
278.581207	4347.522461
277.290527	4363.981934
275.999542	4450.148438
274.708282	4350.410645
273.416748	4488.804199
272.124908	4460.705566
270.832794	4556.446289
269.540375	4570.900391
268.247650	4714.920898
266.954681	4824.073730
265.661377	4871.319336
264.367798	4858.631836
263.073944	4878.796875
261.779785	5005.199707
260.485352	5183.691406
259.190613	5331.208496
257.895599	5274.029785
256.600281	5544.981445
255.304672	5561.104492
254.008774	5801.002930
252.712585	6033.078613
251.416107	6137.781738
250.119339	6223.158691
248.822281	6427.998047
247.524933	6833.153809
246.227280	7039.689941
244.929352	7294.286133
243.631119	7531.436523
242.332611	7785.807617
241.033798	8124.756836
239.734695	8336.541992
238.435303	8629.039063
237.135620	9240.711914
235.835648	9630.952148
234.535385	10159.449219
233.234818	10837.643555
231.933975	11650.059570
230.632828	12569.708008
229.331390	13746.349609
228.029663	14872.528320
226.727646	16176.768555
225.425323	17954.576172
224.122726	19902.396484
222.819824	22687.853516
221.516632	25412.585938
220.213135	28032.525391
218.909363	31190.101563
217.605286	34102.789063
216.300919	36109.507813
214.996262	37720.582031
213.691315	37279.132813
212.386063	35838.066406
211.080521	33386.570313
209.774689	30710.265625
208.468567	27508.798828
207.162140	25215.826172
205.855423	23293.130859
204.548416	21774.892578
203.241119	20808.087891
201.933517	20294.837891
200.625626	19556.263672
199.317429	18424.345703
198.008957	17105.697266
196.700180	16169.676758
195.391098	15461.337891
194.081741	14726.584961
192.772079	14112.422852
191.462112	13546.248047
190.151871	13424.898438
188.841324	13025.091797
187.530472	12810.460938
186.219345	12723.677734
184.907898	12724.622070
183.596176	13085.777344
182.284149	13240.979492
180.971832	13420.875977
179.659210	13591.167969
178.346298	14079.376953
177.033096	14422.680664
175.719589	14984.708984
174.405777	15497.007813
173.091690	15813.123047
171.777283	16576.068359
170.462601	17110.476563
169.147614	17387.986328
167.832321	18102.539063
166.516739	18811.064453
165.200867	19796.652344
163.884689	20717.210938
162.568207	21924.103516
161.251434	23794.955078
159.934372	26205.933594
158.617004	28798.003906
157.299347	31282.652344
155.981384	34431.976563
154.663132	37149.386719
153.344574	38589.546875
152.025711	39365.601563
150.706558	39813.441406
149.387115	39201.917969
148.067368	38622.875000
146.747314	37769.480469
145.426971	37406.867188
144.106323	37040.632813
142.785385	37495.941406
141.464142	38391.917969
140.142593	39690.421875
138.820755	41466.835938
137.498627	43962.871094
136.176178	46622.238281
134.853455	49713.218750
133.530411	52804.683594
132.207077	55567.921875
130.883438	58141.031250
129.559509	58996.496094
128.235275	59976.171875
126.910736	59996.570313
125.585907	59582.941406
124.260773	58788.398438
122.935333	57848.976563
121.609604	58064.054688
120.283569	57587.117188
118.957230	57004.839844
117.630600	57267.058594
116.303665	57860.750000
114.976425	58960.859375
113.648888	60292.093750
112.321053	62630.000000
110.992912	65744.250000
109.664474	68798.742188
108.335732	70039.976563
107.006691	70221.609375
105.677345	68648.531250
104.347702	66822.335938
103.017754	66354.164063
101.687500	67712.921875
100.356956	68377.734375
99.026100	68758.593750
