3199.361328	181.169785
3198.657471	156.303345
3197.953613	156.275391
3197.249512	102.981270
3196.545410	88.761078
3195.841309	223.637894
3195.136719	120.671875
3194.432373	149.038589
3193.727539	131.272415
3193.022949	120.607117
3192.318115	127.678802
3191.613037	166.661942
3190.907715	152.450668
3190.202637	141.789200
3189.497070	155.940201
3188.791748	124.021141
3188.085938	123.998940
3187.380127	77.928238
3186.674316	162.911697
3185.968262	127.473282
3185.262207	120.369881
3184.555908	141.586273
3183.849365	141.560913
3183.142822	102.613289
3182.436279	130.896957
3181.729492	141.484879
3181.022461	148.532516
3180.315430	134.362503
3179.608398	127.267990
3178.901123	197.936966
3178.193604	183.765686
3177.486084	148.399551
3176.778320	151.905655
3176.070557	173.070770
3175.362549	183.634033
3174.654541	105.923729
3173.946289	194.158707
3173.238037	112.944824
3172.529541	229.378052
3171.821045	158.771729
3171.112305	186.964310
3170.403564	144.606842
3169.694580	193.950012
3168.985596	148.080734
3168.276367	204.455780
3167.567139	190.321259
3166.857666	155.048782
3166.147949	172.636993
3165.438232	176.128616
3164.728516	239.491959
3164.018555	204.235916
3163.308350	197.157944
3162.598145	207.682709
3161.887939	140.776581
3161.177246	197.051865
3160.466797	253.306961
3159.756104	274.366638
3159.045166	309.486328
3158.334229	256.686920
3157.623047	274.218994
3156.911865	260.109802
3156.200439	263.577484
3155.489014	330.291168
3154.777344	217.812531
3154.065674	273.973053
3153.353760	280.947571
3152.641846	287.919556
3151.929688	249.251450
3151.217285	280.796295
3150.504883	319.348450
3149.792480	319.291107
3149.079834	245.564453
3148.366943	263.057526
3147.654053	220.928650
3146.941162	280.493927
3146.228027	333.026733
3145.514648	266.373535
3144.801270	283.847137
3144.087646	224.233994
3143.374023	213.684631
3142.660156	280.191803
3141.946289	245.123779
3141.232178	192.562668
3140.518066	252.036743
3139.803711	318.489197
3139.089355	321.931213
3138.374756	269.394012
3137.660156	342.803497
3136.945313	297.276123
3136.230225	230.784698
3135.515137	234.239319
3134.800049	244.683670
3134.084717	342.495544
3133.369141	293.514832
3132.653564	300.449280
3131.937988	310.874146
3131.221924	265.417847
3130.506104	324.729218
3129.790039	258.340240
3129.073730	342.064728
3128.357422	233.818527
3127.640869	324.495697
3126.924316	352.345947
3126.207520	324.378998
3125.490479	285.960144
3124.773438	327.748993
3124.056396	271.913025
3123.339111	268.378662
3122.621826	247.421509
3121.904297	303.123932
3121.186523	337.904938
3120.468750	313.463623
3119.750732	222.867355
3119.032715	330.759186
3118.314697	226.268188
3117.596436	316.718445
3116.877930	361.898804
3116.159424	354.875305
3115.440674	379.161224
3114.721924	431.261749
3114.002930	295.569733
3113.283691	295.516510
3112.564697	285.035187
3111.845215	347.541321
3111.125732	423.924042
3110.406250	455.115143
3109.686523	514.083313
3108.966553	451.478333
3108.246582	506.953552
3107.526367	437.429047
3106.806152	472.060608
3106.085938	527.502075
3105.365479	548.225769
3104.644775	509.966248
3103.924072	561.902344
3103.203125	648.498779
3102.481934	662.251099
3101.760986	606.665222
3101.039551	727.867065
3100.318115	776.251587
3099.596680	859.266479
3098.875000	966.500549
3098.153076	914.373291
3097.431152	1177.389648
3096.709229	1291.432861
3095.987061	1467.744873
3095.264648	1727.058105
3094.542236	1989.738159
3093.819580	2449.531494
3093.096924	2781.169678
3092.374023	3219.903076
3091.651123	3378.386475
3090.927979	3561.013916
3090.204590	3439.387939
3089.481201	3428.399414
3088.757813	3210.089355
3088.034180	2860.575195
3087.310547	2538.820557
3086.586426	2382.952637
3085.862549	1988.888428
3085.138428	2026.505005
3084.414063	2029.590942
3083.689697	1960.203369
3082.965088	1959.849609
3082.240479	2142.336182
3081.515625	2366.147217
3080.790771	2451.934326
3080.065674	2882.485352
3079.340332	3412.853271
3078.614990	3815.501465
3077.889648	4535.043457
3077.164063	4985.580078
3076.438232	5442.843262
3075.712402	5655.401855
3074.986572	5602.726563
3074.260254	5253.974609
3073.534180	4853.712891
3072.807617	4305.601563
3072.081299	3558.103760
3071.354492	3134.281494
3070.627930	2676.213379
3069.900879	2335.245117
3069.173828	2138.821777
3068.446777	1945.907349
3067.719482	1787.436401
3066.991943	1694.320923
3066.264404	1621.855957
3065.536621	1604.385254
3064.808838	1456.394897
3064.081055	1466.434448
3063.352783	1483.337646
3062.624512	1414.408813
3061.896240	1417.585571
3061.167725	1280.057739
3060.439209	1314.137939
3059.710449	1379.080811
3058.981445	1468.009521
3058.252441	1457.456177
3057.523438	1474.336060
3056.794189	1275.241455
3056.064697	1381.261719
3055.335205	1274.780151
3054.605469	1182.041992
3053.875732	1150.997925
3053.145752	1161.064575
3052.415771	1082.094482
3051.685547	1051.085083
3050.955078	1013.240723
3050.224609	920.650146
3049.494141	944.436646
3048.763428	889.525696
3048.032471	807.269470
3047.301514	885.783691
3046.570313	803.557922
3045.839111	861.531677
3045.107910	847.703064
3044.376221	857.802246
3043.644531	744.888550
3042.912842	751.586304
3042.180908	877.830505
3041.448975	840.105835
3040.716797	836.539307
3039.984375	744.214417
3039.251953	740.666443
3038.519287	737.119690
3037.786621	815.461609
3037.053711	730.030029
3036.320801	794.701782
3035.587646	797.967957
3034.854492	804.642395
3034.121094	859.038757
3033.387451	746.410278
3032.653809	821.243347
3031.920166	882.421082
3031.186279	885.667603
3030.452148	953.622986
3029.718018	933.019104
3028.983643	932.849976
3028.249268	953.104553
3027.514648	1017.595032
3026.780029	1065.048462
3026.045166	904.957031
3025.310059	1105.480103
3024.574951	1084.874512
3023.839844	1108.479492
3023.104492	1009.689331
3022.368896	1165.860718
3021.633301	1046.705444
3020.897461	1083.891235
3020.161621	1059.914429
3019.425537	1042.739502
3018.689453	1158.011963
3017.953125	1062.733154
3017.216553	950.515320
3016.479980	977.495483
3015.743408	814.431763
3015.006592	888.926697
3014.269531	790.390625
3013.532471	834.338196
3012.795166	786.712769
3012.057861	874.720093
3011.320313	745.749939
3010.582520	803.230286
3009.844727	752.256348
3009.106934	711.464661
3008.368896	623.265381
3007.630615	677.339355
3006.892334	653.513794
3006.153809	660.166077
3005.415283	724.358398
3004.676514	690.384460
3003.937744	788.384155
3003.198730	666.452698
3002.459717	730.597107
3001.720459	784.572876
3000.980957	777.668030
3000.241455	784.287903
2999.501953	838.224365
2998.761963	692.761230
2998.022217	844.677246
2997.281982	766.827576
2996.541748	712.648560
2995.801514	955.653503
2995.061035	874.449707
2994.320557	985.686951
2993.579834	951.757507
2992.838867	1052.816895
2992.097900	1052.625488
2991.356689	1042.314575
2990.615479	1065.733154
2989.874023	1021.703918
2989.132568	930.491760
2988.390869	960.659180
2987.648926	1007.666199
2986.906982	1081.612183
2986.165039	926.446228
2985.422852	862.280396
2984.680420	892.432556
2983.937988	750.853821
2983.195313	885.375061
2982.452637	737.117310
2981.709717	760.539795
2980.966553	720.026123
2980.223389	719.895081
2979.480225	760.124695
2978.736816	649.014954
2977.993164	645.534668
2977.249512	621.886353
2976.505615	769.654358
2975.761719	641.821960
2975.017578	655.143982
2974.273193	621.433716
2973.528809	638.113037
2972.784424	617.849609
2972.039795	570.735352
2971.294922	657.904480
2970.550049	681.276978
2969.804932	654.309448
2969.059814	650.835510
2968.314453	590.341187
2967.568848	670.720032
2966.823242	684.009827
2966.077637	690.590027
2965.331787	713.926575
2964.585693	743.956970
2963.839600	763.924683
2963.093262	747.035828
2962.346924	773.694336
2961.600342	776.902039
2960.853516	860.463135
2960.106689	913.866272
2959.359863	850.108887
2958.612793	906.840637
2957.865479	986.971313
2957.118164	1000.171631
2956.370605	1013.367065
2955.623047	1070.027588
2954.875244	1069.832520
2954.127197	1210.027344
2953.379150	1390.275146
2952.631104	1333.217773
2951.882813	1489.991821
2951.134277	1723.532593
2950.385742	1843.442871
2949.636963	2003.376709
2948.887939	2216.665771
2948.138916	2249.638916
2947.389893	2526.210693
2946.640625	2966.171143
2945.891113	3069.043457
2945.141602	3665.503662
2944.391846	3981.631348
2943.642090	4177.616211
2942.892090	4746.879395
2942.142090	4922.655273
2941.391846	5085.038086
2940.641357	5390.622559
2939.890869	5269.720703
2939.140137	5242.115234
2938.389404	4884.866211
2937.638428	4584.344238
2936.887451	4174.086914
2936.136230	3800.587646
2935.385010	3437.206787
2934.633545	3360.062988
2933.881836	2947.002197
2933.130127	2693.719727
2932.378174	2457.154785
2931.626221	2330.380127
2930.874023	1911.160889
2930.121826	1997.213745
2929.369385	1810.786377
2928.616699	1704.153687
2927.864014	1637.415649
2927.111084	1484.363281
2926.358154	1397.768921
2925.604980	1185.064941
2924.851807	1257.864258
2924.098389	1101.674438
2923.344971	1161.191528
2922.591064	1151.027954
2921.837402	978.360779
2921.083496	1071.026367
2920.329346	954.796265
2919.575195	1001.026917
2918.820801	957.761230
2918.066162	947.645752
2917.311523	848.087280
2916.556885	798.248657
2915.802002	827.907349
2915.046875	774.779541
2914.291748	847.467041
2913.536377	764.566711
2912.780762	737.953186
2912.025146	724.583801
2911.269531	757.531189
2910.513672	754.085205
2909.757568	787.015076
2909.001465	776.952576
2908.245117	641.281738
2907.488770	700.653870
2906.732178	664.177612
2905.975342	660.752319
2905.218506	729.997681
2904.461670	663.812988
2903.704346	643.879822
2902.947266	703.186096
2902.189697	610.636719
2901.432129	613.825012
2900.674561	620.311707
2899.916748	630.094910
2899.158691	656.366089
2898.400635	610.077820
2897.642334	662.719910
2896.884033	672.488098
2896.125488	576.783630
2895.366943	692.013550
2894.608154	576.572327
2893.849121	579.760803
2893.090088	589.535034
2892.330811	553.205261
2891.571533	582.734497
2890.812012	572.752625
2890.052490	582.520935
2889.292725	648.223694
2888.532715	634.945374
2887.772705	657.853882
2887.012451	591.960022
2886.252197	601.715698
2885.491699	545.718506
2884.731201	598.208252
2883.970459	565.235962
2883.209473	686.701538
2882.448486	594.594177
2881.687256	591.200684
2880.926025	538.550781
2880.164551	587.700623
2879.402832	554.766418
2878.641113	607.177307
2877.879395	639.880310
2877.117432	666.009644
2876.355225	606.843262
2875.593018	616.570801
2874.830566	504.970642
2874.067871	616.344604
2873.305176	576.897583
2872.542480	524.356079
2871.779541	576.685852
2871.016357	638.824463
2870.253174	579.749573
2869.489746	628.765503
2868.726074	576.262573
2867.962402	638.355530
2867.198730	566.231934
2866.434570	523.586609
2865.670654	503.859558
2864.906250	605.174683
2864.141846	601.792969
2863.377441	591.872437
2862.612793	588.494324
2861.847900	634.149597
2861.083008	581.741699
2860.317871	627.381409
2859.552734	584.795044
2858.787354	636.950195
2858.021729	613.972473
2857.256104	587.737976
2856.490479	610.482300
2855.724365	525.505798
2854.958496	620.048157
2854.192139	590.568909
2853.425781	521.953918
2852.659424	547.950928
2851.892578	586.982361
2851.125977	560.791138
2850.358887	671.521729
2849.592041	524.733582
2848.824707	654.981750
2848.057373	632.055237
2847.290039	657.998352
2846.522217	657.877380
2845.754639	647.987732
2844.986572	595.778625
2844.218506	624.964233
2843.450439	676.920044
2842.682129	660.526428
2841.913574	686.430725
2841.145020	699.314941
2840.376221	738.210632
2839.607422	695.806213
2838.838379	663.169861
2838.069092	588.292480
2837.299805	666.175476
2836.530273	679.049011
2835.760742	617.203674
2834.990967	574.868164
2834.221191	691.663147
2833.451172	655.822693
2832.680908	616.749390
2831.910645	551.726807
2831.140137	606.787781
2830.369629	506.104065
2829.598877	434.650360
2828.828125	596.723450
2828.056885	609.583435
2827.285889	554.359375
2826.514648	505.638245
2825.743164	492.582428
2824.971436	463.330994
2824.199707	479.443024
2823.427979	502.026886
2822.656006	459.836670
2821.883789	440.325836
2821.111328	479.089813
2820.339111	546.967957
2819.566406	453.026062
2818.793701	446.471954
2818.020752	401.103760
2817.247803	494.819092
2816.474609	404.189423
2815.701416	420.279541
2814.927979	358.787903
2814.154297	429.819763
2813.380615	429.740509
2812.606689	458.736115
2811.832764	390.822784
2811.058594	416.585480
2810.284424	439.109894
2809.509766	468.082275
2808.735352	435.720367
2807.960449	425.959106
2807.185791	483.955170
2806.410645	419.350433
2805.635498	487.001801
2804.860352	438.543213
2804.084717	312.726807
2803.309326	402.924072
2802.533447	357.730560
2801.757568	380.219971
2800.981689	357.598541
2800.205566	367.195587
2799.429199	380.009491
2798.652832	370.279877
2797.876221	357.334595
2797.099365	466.702271
2796.322510	379.728973
2795.545654	373.223969
2794.768311	460.010101
2793.990967	366.653625
2793.213623	344.076263
2792.436035	414.744293
2791.658447	379.308441
2790.880371	392.093933
2790.102539	369.528473
2789.324219	391.949097
2788.545898	472.179291
2787.767578	407.861847
2786.989014	427.052002
2786.210205	401.290497
2785.431396	426.894196
2784.652344	413.978760
2783.873047	407.485168
2783.093750	420.241669
2782.314453	397.712494
2781.534668	474.601349
2780.754883	413.596344
2779.975098	371.847321
2779.195068	400.623474
2778.414795	397.345001
2777.634521	397.271545
2776.854004	371.572418
2776.073486	377.908936
2775.292725	345.818787
2774.511719	329.747681
2773.730713	380.900146
2772.949707	406.431702
2772.168213	355.161987
2771.386719	329.503784
2770.605225	326.244354
2769.823486	306.996704
2769.041504	358.096527
2768.259521	434.751068
2767.477295	303.630219
2766.694824	319.551605
2765.912354	319.492462
2765.129639	408.874664
2764.346924	367.280334
2763.563965	411.916473
2762.781006	405.455109
2761.997803	398.996094
2761.214355	354.242950
2760.430908	350.986572
2759.647217	411.535309
2758.863525	427.407135
2758.079590	433.706024
2757.295410	436.814117
2756.511230	455.860229
2755.726807	363.345734
2754.942383	427.011505
2754.157715	423.746338
2753.372803	436.409729
2752.587891	455.438171
2751.802734	426.695160
2751.017578	391.595398
2750.232178	436.086395
2749.446533	375.537659
2748.660889	407.287384
2747.875000	448.569366
2747.089111	407.136444
2746.302979	397.520477
2745.516602	467.397430
2744.730225	429.162964
2743.943604	362.337097
2743.156982	419.470428
2742.370117	397.152161
2741.583252	441.551300
2740.795898	416.061096
2740.008789	368.352203
2739.221191	419.081665
2738.433594	387.261230
2737.645996	482.399902
2736.858154	371.252106
2736.070068	460.013397
2735.281982	453.584229
2734.493652	526.440674
2733.705078	399.513336
2732.916504	386.758606
2732.127686	465.925934
2731.338867	402.459961
2730.549805	377.038177
2729.760742	370.632599
2728.971191	395.901489
2728.181885	395.828003
2727.392090	430.580933
2726.602295	392.515625
2725.812500	420.926483
2725.022461	452.491058
2724.232178	496.698639
2723.441895	518.748108
2722.651367	502.839233
2721.860596	414.211975
2721.069824	420.457733
2720.278809	524.684326
2719.487793	502.465759
2718.696533	454.978790
2717.905273	524.392029
2717.113525	467.443359
2716.322021	539.986267
2715.530029	533.571472
2714.738037	596.605164
2713.946045	501.812653
2713.153809	508.030334
2712.361328	511.090790
2711.568604	488.915741
2710.776123	520.361938
2709.983154	482.427734
2709.190186	472.880463
2708.396973	482.248383
2707.603760	441.190979
2706.810303	554.536987
2706.016602	472.528870
2705.222900	453.543365
2704.428955	381.031525
2703.635010	519.491821
2702.840820	503.655945
2702.046387	544.476685
2701.251953	481.441833
2700.457275	440.453064
2699.662354	424.643585
2698.867432	465.448578
2698.072510	499.949677
2697.277344	446.412872
2696.481934	433.757111
2695.686279	487.100311
2694.890625	521.571655
2694.094727	480.636200
2693.298828	445.997620
2692.502686	499.298737
2691.706543	530.602356
2690.910156	404.940613
2690.113525	429.973145
2689.316895	470.685852
2688.520020	486.284821
2687.722900	483.057526
2686.925781	464.150665
2686.128418	432.708527
2685.331055	438.897888
2684.533447	467.025757
2683.735596	382.325714
2682.937744	473.118256
2682.139648	494.958649
2681.341553	438.489258
2680.543213	450.933472
2679.744629	500.943848
2678.946045	400.680389
2678.147217	463.200378
2677.348389	497.534668
2676.549316	516.213318
2675.750000	609.956604
2674.950684	444.090729
2674.151123	537.812439
2673.351318	559.595825
2672.551514	528.234985
2671.751465	481.260468
2670.951416	509.291107
2670.151123	474.833191
2669.350830	615.294067
2668.550049	590.197388
2667.749512	543.255005
2666.948486	511.937927
2666.147461	499.358490
2665.346436	624.081665
2664.544922	558.448914
2663.743652	567.702454
2662.941895	620.613770
2662.140137	642.324524
2661.338135	542.444702
2660.536133	504.940491
2659.733887	623.266968
2658.931641	514.099304
2658.128906	598.112976
2657.326416	632.261780
2656.523438	535.609497
2655.720459	625.798889
2654.917480	610.117859
2654.114258	610.003906
2653.310791	622.336731
2652.507080	525.776367
2651.703369	559.893921
2650.899658	488.260712
2650.095459	587.669006
2649.291260	612.429504
2648.487061	627.856079
2647.682617	599.770264
2646.877930	677.334106
2646.073242	596.439697
2645.268311	593.222351
2644.463135	602.427429
2643.657959	521.592224
2642.852539	599.098145
2642.047119	664.160828
2641.241455	682.654541
2640.435547	645.298218
2639.629639	589.344910
2638.823486	527.210022
2638.017090	601.527222
2637.210693	607.614929
2636.404053	601.302307
2635.597412	712.750854
2634.790527	659.945862
2633.983398	576.182983
2633.176270	631.824402
2632.368896	597.643677
2631.561523	687.316467
2630.753906	578.847473
2629.946045	767.525757
2629.138184	686.930786
2628.330078	745.582642
2627.521729	680.487549
2626.713379	723.655823
2625.904785	766.807983
2625.096191	723.385010
2624.287354	772.702576
2623.478271	747.836121
2622.669189	797.130615
2621.859863	905.098999
2621.050293	790.655212
2620.240723	846.089722
2619.430908	771.835144
2618.621094	888.987549
2617.811035	910.424377
2617.000732	759.059204
2616.190430	885.403198
2615.379883	724.845947
2614.569336	792.555420
2613.758301	804.740112
2612.947510	804.589355
2612.136230	813.685059
2611.324951	813.532654
2610.513672	816.461182
2609.702148	837.871094
2608.890381	819.235046
2608.078369	942.251709
2607.266357	920.524414
2606.454102	932.664246
2605.641846	855.551392
2604.829346	929.237732
2604.016602	950.598083
2603.203857	1027.314697
2602.390869	984.069092
2601.577881	1020.780273
2600.764648	946.811340
2599.951172	906.678467
2599.137695	1023.279053
2598.323975	955.495789
2597.510010	946.101318
2596.696045	1016.561035
2595.881836	970.311279
2595.067627	933.288879
2594.253174	874.794189
2593.438477	886.905579
2592.623535	945.036926
2591.808594	846.692322
2590.993652	800.526184
2590.178467	812.642273
2589.363037	778.763794
2588.547363	741.832520
2587.731689	680.396301
2586.915771	717.039856
2586.099854	787.370300
2585.283691	774.970032
2584.467285	695.198303
2583.650879	698.129761
2582.834229	664.323242
2582.017578	762.144836
2581.200684	691.616028
2580.383545	731.261902
2579.566406	728.065430
2578.749023	749.338318
2577.931396	718.618103
2577.113770	733.769958
2576.295898	669.439331
2575.477783	739.606750
2574.659668	589.740845
2573.841309	656.841736
2573.022949	702.535828
2572.204346	629.109497
2571.385498	668.684875
2570.566650	683.823120
2569.747559	656.224731
2568.928223	622.533386
2568.108887	640.722717
2567.289307	616.198364
2566.469727	643.531738
2565.649902	655.608093
2564.829834	527.436584
2564.009521	637.072388
2563.189209	490.666809
2562.368896	630.738647
2561.548340	603.201782
2560.727539	584.812927
2559.906494	526.841675
2559.085449	575.458618
2558.264160	517.510925
2557.442871	617.852661
2556.621338	620.779419
2555.799561	605.450317
2554.977783	632.713379
2554.155762	617.387695
2553.333496	656.801208
2552.511230	595.874084
2551.688721	604.880737
2550.866211	607.805908
2550.043213	534.768494
2549.220459	534.667847
2548.397217	501.156708
2547.573975	570.907410
2546.750732	613.306274
2545.927002	549.443176
2545.103271	573.619934
2544.279541	643.304321
2543.455322	570.369995
2542.631348	573.295837
2541.806885	612.613464
2540.982422	609.465881
2540.157715	654.825012
2539.333008	663.794739
2538.508057	569.725525
2537.682861	575.677917
2536.857666	551.334961
2536.032227	539.116089
2535.206543	563.239807
2534.380859	578.271667
2533.554932	572.108582
2532.729004	559.894897
2531.902832	565.841125
2531.076416	559.683777
2530.249756	601.924744
2529.423096	586.690369
2528.596436	580.532471
2527.769287	628.791565
2526.942139	534.976563
2526.114990	583.225952
2525.287598	528.732056
2524.459961	583.005981
2523.632080	607.057434
2522.804199	579.766357
2521.976074	579.656982
2521.147949	627.843262
2520.319580	615.653137
2519.490967	609.502258
2518.662354	552.068665
2517.833496	557.996826
2517.004395	588.047791
2516.175293	575.876587
2515.345947	518.492493
2514.516357	557.575623
2513.686768	587.603882
2512.856934	614.607971
2512.027100	578.345337
2511.197021	514.991577
2510.366699	572.104797
2509.536133	541.891663
2508.705566	481.590485
2507.875000	571.780640
2507.043945	562.646240
2506.212891	511.399963
2505.381836	688.755676
2504.550293	526.242249
2503.718750	613.332153
2502.887207	514.019531
2502.055420	571.024841
2501.223389	507.815613
2500.391113	561.796265
2499.558838	618.760193
2498.726318	573.596375
2497.893799	573.487976
2497.061035	618.409363
2496.228027	624.295288
2495.395020	564.160156
2494.561768	546.051819
2493.728271	542.948853
2492.894775	530.849548
2492.061035	593.719360
2491.227051	551.634888
2490.393066	563.520325
2489.558838	554.423096
2488.724609	518.362427
2487.889893	578.179321
2487.055420	575.074707
2486.220459	571.971313
2485.385498	592.821411
2484.550293	535.833069
2483.715088	520.767090
2482.879639	535.630249
2482.043945	655.200134
2481.208252	592.260620
2480.372314	523.363586
2479.536133	478.413239
2478.699951	523.165405
2477.863525	570.889587
2477.026855	627.560791
2476.190186	549.758667
2475.353271	591.476074
2474.516357	585.390686
2473.678955	525.557373
2472.841797	531.428955
2472.004150	504.463348
2471.166504	522.274353
2470.328613	572.901001
2469.490723	525.059753
2468.652588	530.925720
2467.814209	509.949982
2466.975586	572.466919
2466.136963	515.718750
2465.298340	524.562439
2464.459229	584.061096
2463.620117	572.033020
2462.781006	527.242981
2461.941406	574.794373
2461.101807	535.976013
2460.262207	455.493225
2459.422119	616.138672
2458.582275	499.959747
2457.741943	636.732727
2456.901611	597.939270
2456.061035	612.697144
2455.220215	562.028137
2454.379395	490.566406
2453.538330	570.732605
2452.697266	597.372375
2451.855957	626.973389
2451.014404	617.941833
2450.172607	579.210510
2449.330811	519.705688
2448.489014	513.668701
2447.646729	575.912170
2446.804443	510.505646
2445.961914	516.343750
2445.119385	569.650452
2444.276611	557.676819
2443.433594	596.126404
2442.590576	575.256531
2441.747314	637.405518
2440.903809	604.679199
2440.060303	557.147583
2439.216553	471.115082
2438.372559	506.574707
2437.528564	568.677612
2436.684326	574.492188
2435.840088	556.618591
2434.995361	580.194275
2434.150635	512.012939
2433.305908	591.809998
2432.460938	473.358032
2431.615723	553.132080
2430.770264	591.472656
2429.924805	532.224243
2429.079102	502.560669
2428.233398	579.312744
2427.387207	591.023071
2426.541260	514.092346
2425.694824	602.614380
2424.848389	516.850281
2424.001709	496.081940
2423.155029	454.655304
2422.307861	507.700256
2421.460938	557.773804
2420.613525	472.099670
2419.766113	510.360687
2418.918457	457.172577
2418.070801	513.115479
2417.222900	501.224335
2416.374756	459.859528
2415.526611	536.400696
2414.678223	465.577911
2413.829590	547.981079
2412.980713	509.584320
2412.131836	450.587067
2411.282959	485.834747
2410.433594	465.135010
2409.584229	485.649780
2408.734619	488.500092
2407.885010	547.251343
2407.035156	550.088806
2406.185059	491.162201
2405.334961	558.700867
2404.484619	535.074707
2403.634033	555.548706
2402.783447	534.870911
2401.932617	543.583923
2401.081543	499.414368
2400.230469	502.256409
2399.379150	616.688599
2398.527588	531.425537
2397.676025	572.421204
2396.824219	575.247070
2395.972168	604.481201
2395.120117	577.961670
2394.267822	615.983826
2393.415283	566.010559
2392.562744	533.649109
2391.709961	580.452637
2390.856934	580.341980
2390.003906	542.135376
2389.150635	524.452576
2388.297119	536.069946
2387.443604	544.754089
2386.589844	579.788879
2385.735840	474.282257
2384.881836	550.296631
2384.027588	509.219940
2383.173096	491.566864
2382.318604	497.323944
2381.463867	482.604675
2380.608887	473.739624
2379.753906	476.572998
2378.898682	514.483704
2378.043213	549.457214
2377.187744	514.287292
2376.332031	534.639893
2375.476074	569.589478
2374.620117	540.276611
2373.763916	502.215332
2372.907471	566.343994
2372.051025	531.210999
2371.194336	571.964111
2370.337402	545.596252
2369.480469	527.989624
2368.623291	562.886963
2367.765869	524.872009
2366.908203	475.209991
2366.050537	515.927002
2365.192871	536.228455
2364.334717	410.835663
2363.476563	524.370850
2362.618164	457.280518
2361.759766	439.720795
2360.901123	477.486298
2360.042236	474.484100
2359.183350	488.945343
2358.324219	488.851898
2357.464844	480.030609
2356.605225	479.938843
2355.745605	418.775635
2354.885986	430.326019
2354.025879	337.218048
2353.165771	404.002991
2352.305420	438.797028
2351.445068	406.753876
2350.584229	397.961578
2349.723633	450.162384
2348.862549	418.135376
2348.001465	444.183868
2347.140137	438.293671
2346.278809	394.679016
2345.416992	510.663361
2344.555176	432.240234
2343.693359	385.751343
2342.831299	374.078217
2341.968994	440.689972
2341.106445	423.213287
2340.243896	460.808441
2339.381104	498.389160
2338.518066	570.720154
2337.655029	501.094849
2336.791748	454.663757
2335.928223	428.518158
2335.064697	428.436096
2334.200928	439.931183
2333.336914	431.165741
2332.472900	381.899170
2331.608643	378.933411
2330.744141	410.673553
2329.879639	430.835480
2329.014893	462.553497
2328.149902	424.889587
2327.284912	502.834167
2326.419434	505.627106
2325.554199	482.420258
2324.688477	404.346649
2323.822754	430.257904
2322.956787	395.530426
2322.090820	479.163971
2321.224365	418.466614
2320.358154	412.615540
2319.491455	372.148254
2318.624756	354.770996
2317.757813	409.494476
2316.890625	418.065582
2316.023438	423.750702
2315.156006	389.084167
2314.288330	417.825073
2313.420654	365.886932
2312.552734	437.827911
2311.684570	452.143372
2310.816406	469.332672
2309.947998	391.515320
2309.079346	466.274353
2308.210693	411.508881
2307.341797	420.061279
2306.472656	425.733826
2305.603271	394.015808
2304.733887	353.683502
2303.864258	388.114716
2302.994629	462.773865
2302.124756	431.072998
2301.254639	439.610016
2300.384277	473.998199
2299.513916	381.997925
2298.643311	482.431030
2297.772461	384.722260
2296.901611	436.317566
2296.030518	338.655151
2295.159424	381.631195
2294.287842	424.590729
2293.416260	372.879669
2292.544434	430.163086
2291.672607	410.010010
2290.800537	384.131378
2289.928223	475.772766
2289.055908	452.756927
2288.183105	438.344910
2287.310303	472.634033
2286.437500	375.170654
2285.564453	426.638794
2284.691162	363.575226
2283.817627	403.576782
2282.944092	414.945953
2282.070313	420.588440
2281.196289	420.507568
2280.322266	426.146790
2279.447998	466.097748
2278.573486	397.393402
2277.698975	408.750549
2276.824219	448.681763
2275.949219	434.308960
2275.073975	379.947205
2274.198730	491.265778
2273.323242	468.326050
2272.447754	496.786896
2271.571777	490.982208
2270.695801	476.617706
2269.819824	373.801819
2268.943359	410.817535
2268.066895	362.248505
2267.190430	479.102600
2266.313477	382.067780
2265.436523	447.560394
2264.559326	436.073608
2263.682129	447.388031
2262.804688	413.113190
2261.927002	430.124695
2261.049072	418.649994
2260.171143	432.806396
2259.292969	375.785797
2258.414551	412.715454
2257.536133	404.098663
2256.657471	392.639923
2255.778564	369.806915
2254.899658	406.709198
2254.020508	381.038666
2253.141113	454.883850
2252.261719	378.049316
2251.381836	483.127808
2250.502197	429.048431
2249.622070	380.671570
2248.741943	431.723297
2247.861572	468.556641
2246.980957	423.039246
2246.100342	462.698669
2245.219482	468.285614
2244.338379	397.256622
2243.457031	510.659973
2242.575684	399.939819
2241.694092	459.416687
2240.812500	428.139099
2239.930664	396.873596
2239.048584	436.476715
2238.166260	433.558777
2237.283936	410.809723
2236.401367	393.734711
2235.518555	453.132324
2234.635742	393.582733
2233.752686	376.520844
2232.869385	416.074280
2231.985840	390.524933
2231.102295	387.620209
2230.218506	466.751709
2229.334473	412.924774
2228.450439	443.949799
2227.566162	387.320892
2226.681641	339.193634
2225.797119	409.779816
2224.912354	384.270966
2224.027344	322.047272
2223.142334	378.473633
2222.256836	398.167725
2221.371338	417.854156
2220.485840	389.545471
2219.600098	400.759186
2218.714111	397.860016
2217.827881	468.312073
2216.941406	420.271149
2216.054932	468.131042
2215.168213	428.567230
2214.281494	400.294617
2213.394531	349.485474
2212.507324	456.497559
2211.619873	481.765350
2210.732422	391.534698
2209.844727	419.621521
2208.956787	433.618896
2208.068848	436.350159
2207.180420	430.636536
2206.292236	346.131012
2205.403564	402.334625
2204.514893	495.085297
2203.625977	413.428711
2202.736816	424.596313
2201.847656	455.438995
2200.958252	446.918457
2200.068604	472.124329
2199.178711	455.174622
2198.288818	455.086517
2197.398682	443.763885
2196.508545	415.597076
2195.617920	437.976959
2194.727295	437.892181
2193.836670	435.000916
2192.945557	406.857544
2192.054443	471.302277
2191.163086	412.309601
2190.271729	409.425476
2189.379883	426.168610
2188.488037	406.463654
2187.596191	409.187561
2186.703857	425.920959
2185.811523	406.227448
2184.918945	422.954895
2184.026367	392.067596
2183.133545	372.392029
2182.240479	397.514435
2181.347168	419.828217
2180.453857	391.763733
2179.560303	380.496704
2178.666504	439.164703
2177.772461	341.195587
2176.878418	352.313995
2175.984131	430.522491
2175.089844	430.438995
2174.195068	407.999390
2173.300293	349.246796
2172.405518	377.113373
2171.510254	301.632172
2170.614990	354.628296
2169.719482	396.436584
2168.823975	351.699432
2167.927979	368.375519
2167.031982	373.884399
2166.135986	410.077179
2165.239502	373.739319
2164.343018	393.186676
2163.446289	320.621918
2162.549561	412.546356
2161.652344	337.219055
2160.755127	351.085541
2159.857910	406.734436
2158.960205	364.875793
2158.062500	409.361267
2157.164551	395.360596
2156.266602	359.095856
2155.368164	339.544098
2154.469727	328.347687
2153.571289	336.630127
2152.672363	358.816925
2151.773438	380.995117
2150.874268	392.042877
2149.975098	339.148468
2149.075439	444.698456
2148.175781	411.266144
2147.275879	405.629639
2146.375977	386.106567
2145.475830	438.798431
2144.575439	355.413177
2143.674805	433.075592
2142.774170	383.030853
2141.873291	363.531036
2140.972168	357.911346
2140.071045	357.841736
2139.169678	402.147003
2138.268066	413.160339
2137.366211	368.722382
2136.464355	410.227814
2135.562256	421.233093
2134.659912	407.297485
2133.757568	421.069183
2132.854736	423.756927
2131.951904	384.906860
2131.049072	412.517731
2130.145752	348.772583
2129.242432	390.217194
2128.338867	417.810822
2127.435303	434.328003
2126.531494	428.711700
2125.627441	425.862885
2124.723145	376.013489
2123.818848	384.233063
2122.914063	409.031799
2122.009521	417.241730
2121.104492	505.565338
2120.199463	400.506531
2119.294189	425.282715
2118.388672	411.394684
2117.482910	331.260010
2116.577148	402.954498
2115.671143	347.687500
2114.765137	333.825317
2113.858643	388.927246
2112.952148	394.367096
2112.045410	399.804779
2111.138672	407.997070
2110.231689	482.334930
2109.324463	360.991760
2108.416992	355.411133
2107.509277	382.887726
2106.601563	410.353577
2105.693604	424.041138
2104.785645	451.488220
2103.877197	399.103790
2102.968750	357.747406
2102.060303	379.688568
2101.151367	429.129456
2100.242432	387.791351
2099.333252	404.214233
2098.423828	384.890808
2097.514404	415.051239
2096.604736	403.977661
2095.694824	373.675110
2094.784668	332.396057
2093.874512	431.206573
2092.964111	376.202362
2092.053467	398.092651
2091.142578	387.035217
2090.231689	417.148010
2089.320557	417.066559
2088.409424	425.215088
2087.497803	375.761902
2086.586182	416.822296
2085.674316	427.707764
2084.762207	383.765320
2083.850098	397.393585
2082.937744	358.954437
2082.025146	408.196655
2081.112549	517.678467
2080.199463	479.238281
2079.286377	484.620575
2078.373291	448.939240
2077.459717	476.220490
2076.546143	388.563751
2075.632324	459.619385
2074.718262	492.353088
2073.804199	519.604431
2072.889893	486.692169
2071.975342	560.406677
2071.060791	404.507172
2070.145752	461.813141
2069.230713	437.134033
2068.315430	445.243225
2067.400146	436.963074
2066.484619	428.686157
2065.568848	472.281525
2064.652832	518.589233
2063.736572	450.265686
2062.820313	482.917786
2061.903809	411.900116
2060.987305	430.910461
2060.070313	466.273865
2059.153320	455.277771
2058.236084	427.931854
2057.318848	463.274994
2056.401123	386.895142
2055.483398	378.647156
2054.565674	422.149780
2053.647461	446.574249
2052.729248	383.869751
2051.810791	470.896912
2050.892090	459.919037
2049.973145	402.690460
2049.054199	402.611572
2048.135010	394.373260
2047.215698	429.646698
2046.296143	391.500031
2045.376465	415.887268
2044.456543	483.747925
2043.536499	497.238892
2042.616211	478.125122
2041.695801	363.955750
2040.775146	515.955505
2039.854370	399.108398
2038.933350	485.893860
2038.012207	521.080078
2037.090820	412.440857
2036.169312	458.479218
2035.247681	452.964569
2034.325806	452.875763
2033.403687	496.167755
2032.481445	455.408936
2031.558960	458.029846
2030.636353	520.263184
2029.713623	514.742798
2028.790649	520.059082
2027.867432	549.746277
2026.944092	476.533813
2026.020630	425.006409
2025.096924	565.661865
2024.173096	495.195221
2023.249023	514.036194
2022.324707	495.000885
2021.400391	494.903717
2020.475708	448.840912
2019.550903	456.862793
2018.625977	424.339508
2017.700806	489.110657
2016.775513	467.400696
2015.849976	542.942749
2014.924316	486.121887
2013.998413	488.726563
2013.072388	515.626709
2012.146118	483.136414
2011.219727	520.821289
2010.293091	447.872284
2009.366333	480.154236
2008.439331	577.150635
2007.512207	474.572693
2006.584839	469.087616
2005.657349	490.558441
2004.729614	536.274414
2003.801758	498.448578
2002.873657	479.494080
2001.945435	579.050354
2001.017090	560.087402
2000.088379	524.978699
1999.159668	592.167236
1998.230713	551.683655
1997.301514	591.934326
1996.372192	570.297241
1995.442627	551.358215
1994.512939	578.140015
1993.583008	543.075867
1992.652954	513.401428
1991.722778	462.239105
1990.792236	564.250671
1989.861694	453.998077
1988.930908	480.767242
1987.999878	512.896484
1987.068726	502.056366
1986.137329	448.272247
1985.205811	560.900940
1984.274048	477.611084
1983.342163	512.391907
1982.410156	517.655334
1981.477783	474.647400
1980.545410	479.916138
1979.612793	522.710693
1978.679932	525.287781
1977.746948	490.350677
1976.813721	511.685974
1975.880371	557.118958
1974.946777	634.669128
1974.013062	497.996613
1973.079102	524.667236
1972.145020	623.588684
1971.210693	626.141602
1970.276245	492.253632
1969.341553	516.229492
1968.406738	526.824707
1967.471680	566.826477
1966.536499	526.617004
1965.601074	550.567078
1964.665527	523.737244
1963.729736	563.708008
1962.793823	566.267944
1961.857666	606.214478
1960.921265	507.304138
1959.984863	512.543091
1959.048096	637.883484
1958.111206	523.014648
1957.174194	525.579407
1956.236938	594.827820
1955.299561	501.370270
1954.361938	551.931702
1953.424072	549.156982
1952.486084	562.375061
1951.547974	602.235413
1950.609619	572.809998
1949.671021	450.166443
1948.732300	569.920715
1947.793457	577.796143
1946.854248	625.600403
1945.915039	577.567993
1944.975586	625.353394
1944.035889	683.762024
1943.096069	662.346802
1942.156006	635.620972
1941.215820	638.154358
1940.275391	707.148071
1939.334839	637.902283
1938.394043	693.581665
1937.453125	637.650269
1936.511963	640.180603
1935.570679	703.793945
1934.629150	578.855652
1933.687378	565.467407
1932.745605	541.467346
1931.803467	544.014038
1930.861206	578.398132
1929.918823	657.864136
1928.976196	570.213013
1928.033325	593.964905
1927.090332	593.847473
1926.147095	559.272461
1925.203735	561.811951
1924.260254	577.598022
1923.316406	588.079773
1922.372559	561.478638
1921.428345	566.663452
1920.484131	555.961609
1919.539551	590.261475
1918.594849	582.205505
1917.650024	677.341431
1916.704956	611.073853
1915.759766	608.308105
1914.814331	637.274963
1913.868652	626.573730
1912.922852	549.795532
1911.976929	634.253845
1911.030640	560.146606
1910.084351	604.944275
1909.137817	575.771729
1908.191040	620.548462
1907.244141	662.667297
1906.296997	644.058960
1905.349731	628.096985
1904.402222	683.381958
1903.454468	659.504395
1902.506592	685.748718
1901.558594	632.873352
1900.610352	735.569519
1899.661865	685.341125
1898.713257	706.288574
1897.764526	724.592773
1896.815430	721.814758
1895.866333	687.431763
1894.916870	726.795227
1893.967407	705.588806
1893.017578	729.139343
1892.067627	726.363037
1891.117554	699.906738
1890.167236	673.460876
1889.216675	754.863037
1888.265991	715.268372
1887.315186	762.451050
1886.364136	741.270813
1885.412842	759.520447
1884.461426	746.231873
1883.509766	753.964966
1882.557861	685.525513
1881.605957	664.381348
1880.653687	722.010315
1879.701294	742.866760
1878.748779	753.217102
1877.795898	724.204407
1876.843018	787.022400
1875.889893	773.751709
1874.936523	755.241516
1873.983032	747.226074
1873.029297	802.125488
1872.075317	731.204468
1871.121216	783.464905
1870.166992	851.423157
1869.212524	775.296021
1868.257813	756.810913
1867.302979	903.279907
1866.347900	829.805359
1865.392700	845.343445
1864.437256	873.958557
1863.481689	931.339539
1862.525879	836.992798
1861.569824	873.437561
1860.613647	936.013489
1859.657349	857.406128
1858.700806	841.554504
1857.744019	830.935181
1856.787109	924.819397
1855.829956	969.038940
1854.872559	893.114319
1853.915039	879.882080
1852.957397	890.148682
1851.999512	863.872742
1851.041382	824.560364
1850.083130	894.835266
1849.124634	996.382141
1848.166016	1017.046387
1847.207153	985.556519
1846.248169	954.079102
1845.288940	974.739258
1844.329468	956.305115
1843.369873	1044.692139
1842.410034	997.599670
1841.450073	1130.214233
1840.489868	1114.367310
1839.529541	1095.923462
1838.568970	1080.089478
1837.608154	1048.649170
1836.647217	1134.292725
1835.686035	1056.034668
1834.724731	1011.614990
1833.763184	1019.213562
1832.801514	1032.008179
1831.839600	974.624573
1830.877441	1026.400024
1829.915161	997.617920
1828.952759	945.470215
1827.989990	968.654175
1827.027100	978.846741
1826.064087	918.946106
1825.100830	929.144470
1824.137451	910.795227
1823.173706	902.830627
1822.209961	871.524780
1821.245972	884.317566
1820.281738	930.811401
1819.317261	902.110840
1818.352661	865.646362
1817.387939	881.021118
1816.422974	945.613464
1815.457764	950.605225
1814.492432	1022.926880
1813.526855	919.155945
1812.561035	1022.518738
1811.595093	996.433350
1810.629028	941.894470
1809.662720	1060.713379
1808.696167	1013.943054
1807.729370	1112.011475
1806.762573	1018.709473
1805.795410	935.784790
1804.828125	1033.809937
1803.860596	1012.931458
1802.892944	1074.733032
1801.925049	1074.518433
1800.957031	1110.458252
1799.988770	1053.433716
1799.020264	1040.316162
1798.051636	1078.822144
1797.082764	1014.096619
1796.113770	1057.752075
1795.144531	1060.120117
1794.175049	998.015869
1793.205444	1059.696533
1792.235718	1098.152100
1791.265625	1126.282959
1790.295410	1010.102295
1789.325073	1182.510864
1788.354492	1169.395752
1787.383667	1133.108521
1786.412720	1168.928223
1785.441528	1284.534302
1784.470215	1382.078125
1783.498657	1281.447388
1782.526855	1309.490601
1781.554932	1388.965576
1780.582764	1468.408691
1779.610474	1426.976929
1778.637939	1632.340698
1777.665161	1701.406860
1776.692261	1734.471069
1775.719238	1908.821045
1774.745850	1972.652954
1773.772339	2139.181152
1772.798706	2215.779053
1771.824829	2495.140381
1770.850708	2545.970947
1769.876465	2709.684570
1768.901978	2742.493408
1767.927246	2824.022949
1766.952393	2856.795410
1765.977295	2897.246338
1765.002075	2950.498047
1764.026611	2888.397217
1763.050903	2895.505859
1762.075073	3043.515137
1761.099121	3053.150879
1760.122803	3339.354980
1759.146362	3448.780762
1758.169800	3634.957275
1757.192993	4225.431152
1756.215942	4564.905273
1755.238770	5267.520020
1754.261353	6046.586426
1753.283691	7019.692871
1752.305908	7677.927734
1751.327881	8430.479492
1750.349731	8768.701172
1749.371338	8536.973633
1748.392700	7991.109863
1747.413940	6845.230469
1746.434937	5944.962891
1745.455811	4976.120605
1744.476440	4247.616211
1743.496826	3792.482910
1742.517090	3319.670410
1741.537109	3102.159424
1740.557007	2851.577637
1739.576660	2766.852295
1738.596069	2605.673584
1737.615356	2617.895996
1736.634399	2497.588135
1735.653198	2520.019287
1734.671875	2509.323486
1733.690308	2539.384033
1732.708618	2421.734619
1731.726685	2515.450439
1730.744507	2405.489258
1729.762207	2394.826172
1728.779663	2376.534180
1727.796997	2526.150391
1726.814087	2464.600098
1725.830933	2408.160645
1724.847656	2435.643555
1723.864136	2437.696045
1722.880371	2569.359375
1721.896484	2408.766846
1720.912354	2405.742432
1719.928101	2412.878662
1718.943604	2364.145752
1717.958862	2376.364990
1716.973999	2426.654053
1715.988892	2383.023193
1715.003662	2324.185791
1714.018066	2331.328857
1713.032471	2490.646973
1712.046509	2439.430420
1711.060425	2418.657471
1710.074219	2560.118408
1709.087646	2640.699707
1708.101074	2566.689941
1707.114136	2606.705322
1706.127075	2603.648193
1705.139771	2668.962158
1704.152344	2673.488770
1703.164673	2602.076904
1702.176758	2687.596924
1701.188721	2795.854004
1700.200439	2797.821045
1699.211914	2830.136963
1698.223267	2773.937012
1697.234497	2831.525879
1696.245361	2853.704590
1695.256104	2961.796631
1694.266602	3168.383057
1693.276978	3185.427979
1692.287109	3144.376709
1691.296997	3338.175781
1690.306763	3481.404785
1689.316284	3639.720459
1688.325684	3666.746582
1687.334839	3774.499512
1686.343750	3879.686279
1685.352539	3982.308350
1684.361084	4014.285889
1683.369385	4179.864746
1682.377563	4088.283447
1681.385498	4319.300781
1680.393188	4454.483398
1679.400757	4541.750000
1678.408081	4664.240234
1677.415283	4668.335938
1676.422119	4712.708984
1675.428955	4666.453613
1674.435425	4924.707520
1673.441772	4815.528320
1672.447876	4955.421875
1671.453857	5032.385254
1670.459595	5197.322266
1669.465088	5301.858398
1668.470459	5526.996094
1667.475586	5706.810059
1666.480591	5838.815918
1665.485229	5960.720215
1664.489868	6213.166992
1663.494141	6377.630859
1662.498291	6562.111328
1661.502197	6631.062500
1660.505981	7229.460449
1659.509521	7599.311035
1658.512817	7916.336426
1657.515869	8336.054688
1656.518799	8740.558594
1655.521606	9195.036133
1654.524048	10015.250977
1653.526367	10624.646484
1652.528564	11434.219727
1651.530396	12288.551758
1650.532104	13282.778320
1649.533691	14484.416992
1648.535034	15512.841797
1647.536133	16746.078125
1646.536987	18234.048828
1645.537720	19738.927734
1644.538208	21125.636719
1643.538452	22871.894531
1642.538574	24387.421875
1641.538452	25842.339844
1640.538208	27164.210938
1639.537720	28380.597656
1638.536987	29249.541016
1637.536011	30118.660156
1636.534912	30987.955078
1635.533691	31079.058594
1634.532104	30967.931641
1633.530396	30961.666016
1632.528442	31564.230469
1631.526367	31413.152344
1630.524048	31770.947266
1629.521484	32233.330078
1628.518799	32730.427734
1627.515747	33234.800781
1626.512695	33317.792969
1625.509277	33231.312500
1624.505737	32644.146484
1623.501953	31902.794922
1622.498047	31956.097656
1621.493896	31103.148438
1620.489502	30377.486328
1619.484985	29567.503906
1618.480225	29121.117188
1617.475220	28530.625000
1616.470093	28107.007813
1615.464722	27683.562500
1614.459106	27976.287109
1613.453247	28256.464844
1612.447266	29073.310547
1611.441162	31586.810547
1610.434692	35378.601563
1609.428101	42318.062500
1608.421265	53746.625000
1607.414307	70955.000000
1606.407104	92055.750000
1605.399658	109835.031250
1604.392090	111192.242188
1603.384155	96459.851563
1602.376221	73680.617188
1601.367920	51644.578125
1600.359497	35889.519531
1599.350830	26166.250000
1598.342041	21093.296875
1597.332886	18200.179688
1596.323730	16945.570313
1595.314209	15478.486328
1594.304565	14383.405273
1593.294678	12471.834961
1592.284546	11202.078125
1591.274292	10306.493164
1590.263794	9534.972656
1589.253052	9218.896484
1588.242188	8821.338867
1587.231079	8589.601563
1586.219849	8454.367188
1585.208252	8299.416016
1584.196533	8213.714844
1583.184570	8155.224609
1582.172485	8380.810547
1581.160156	8433.438477
1580.147583	9226.751953
1579.134888	9743.267578
1578.121948	10792.666016
1577.108765	11543.066406
1576.095337	12460.919922
1575.081787	12724.771484
1574.067993	12702.457031
1573.054077	12228.961914
1572.039795	11082.708984
1571.025391	10200.624023
1570.010864	9296.721680
1568.995972	8203.496094
1567.980957	7625.482910
1566.965820	7205.305664
1565.950317	6800.070801
1564.934692	6429.461426
1563.918823	6154.981934
1562.902832	5843.706055
1561.886597	5822.836914
1560.870117	5570.782715
1559.853394	5397.519043
1558.836548	5226.783691
1557.819458	5343.704590
1556.802124	5246.773926
1555.784668	5056.517090
1554.766968	5026.009766
1553.749023	4737.633789
1552.730957	4709.659180
1551.712646	4509.844727
1550.694092	4526.107910
1549.675293	4544.818359
1548.656372	4342.705566
1547.637207	4265.777832
1546.617798	4213.406738
1545.598267	4168.412109
1544.578491	4184.723633
1543.558472	4149.557129
1542.538330	4001.681152
1541.517944	4206.666504
1540.497314	4191.112305
1539.476440	4121.686035
1538.455444	4113.500488
1537.434204	4144.486328
1536.412720	4248.884766
1535.391113	4098.750488
1534.369263	4173.756836
1533.347168	4214.488281
1532.324951	4003.314453
1531.302368	4139.419434
1530.279785	4189.910156
1529.256836	4108.402832
1528.233765	4144.217773
1527.210449	4050.537598
1526.186890	3927.584961
1525.163086	3887.711182
1524.139160	3947.956299
1523.114990	3966.678955
1522.090698	3982.953369
1521.066040	3950.420166
1520.041260	4003.283691
1519.016357	3948.807861
1517.991089	3979.702881
1516.965698	3905.749023
1515.940063	4019.516602
1514.914185	3921.213867
1513.888184	3832.697266
1512.861938	3807.554199
1511.835449	3892.021240
1510.808838	3779.213379
1509.781982	3917.211670
1508.754883	3892.070801
1507.727539	3922.912354
1506.700073	3875.882568
1505.672363	3729.136230
1504.644409	3752.695068
1503.616211	3666.822754
1502.587891	3593.140869
1501.559326	3451.432617
1500.530640	3513.909424
1499.501587	3316.394287
1498.472412	3420.167480
1497.442993	3421.896729
1496.413452	3430.909668
1495.383545	3393.793945
1494.353516	3480.476074
1493.323364	3673.893311
1492.292847	3610.062988
1491.262207	3839.758545
1490.231323	4066.934814
1489.200195	4407.975586
1488.168945	4613.125000
1487.137451	4893.323242
1486.105713	5076.480469
1485.073730	5264.408203
1484.041626	5437.725586
1483.009277	5535.900391
1481.976685	5914.889160
1480.943970	5947.567871
1479.911011	5907.627441
1478.877808	5253.106445
1477.844360	4777.872559
1476.810791	4242.365723
1475.776855	3917.460205
1474.742920	3795.773438
1473.708618	3666.884766
1472.674194	3629.883057
1471.639404	3774.111816
1470.604614	3826.484375
1469.569458	4026.163330
1468.534180	4175.050781
1467.498657	4642.555176
1466.462891	4984.353516
1465.426880	5449.086426
1464.390747	5981.185547
1463.354370	6300.788086
1462.317749	6282.614258
1461.281006	6247.568848
1460.244019	6227.001953
1459.206787	6095.570313
1458.169312	5754.542480
1457.131592	5603.986816
1456.093750	5277.651367
1455.055664	5050.189453
1454.017456	4916.724609
1452.978882	4691.836426
1451.940186	4681.247070
1450.901245	4564.783203
1449.862061	4737.065918
1448.822754	4793.821777
1447.783203	5293.043945
1446.743408	5650.204590
1445.703369	5853.372070
1444.663208	6359.278320
1443.622803	6634.302246
1442.582153	7077.378418
1441.541260	7429.000977
1440.500244	7922.160156
1439.458862	8095.798340
1438.417358	8473.398438
1437.375732	8757.246094
1436.333740	8945.000977
1435.291626	9324.591797
1434.249268	9509.752930
1433.206665	9661.266602
1432.163940	10311.384766
1431.120972	10779.068359
1430.077759	11316.054688
1429.034302	11723.438477
1427.990723	12118.676758
1426.946777	11840.763672
1425.902710	11486.340820
1424.858521	11005.180664
1423.813965	10148.438477
1422.769287	9493.061523
1421.724365	9012.605469
1420.679199	8185.504395
1419.633911	7619.419434
1418.588257	7034.438477
1417.542480	6389.934570
1416.496460	6178.294922
1415.450317	5553.347656
1414.403809	5432.751465
1413.357178	4961.083008
1412.310303	4752.298340
1411.263306	4526.886230
1410.215942	4440.018555
1409.168457	4229.082520
1408.120728	4130.380859
1407.072754	3876.653564
1406.024658	3811.456543
1404.976318	3820.210449
1403.927734	3602.465332
1402.878906	3494.458496
1401.829834	3584.299561
1400.780640	3400.094482
1399.731201	3337.457031
1398.681519	3308.188965
1397.631592	3333.700928
1396.581543	3221.119873
1395.531250	3139.528320
1394.480713	3029.413330
1393.429932	2993.100098
1392.378906	3009.134521
1391.327759	2958.570801
1390.276367	2991.249756
1389.224731	2954.973877
1388.172974	2971.002197
1387.120850	2958.508057
1386.068604	2924.636719
1385.016113	2845.647705
1383.963379	2923.430420
1382.910522	3039.170898
1381.857422	3088.395020
1380.803955	3173.199463
1379.750488	3310.172119
1378.696655	3456.577637
1377.642700	3543.625000
1376.588379	3663.835938
1375.533936	3701.014648
1374.479370	3958.628418
1373.424438	4173.476563
1372.369385	4300.565918
1371.314087	4593.430176
1370.258545	4829.330078
1369.202759	5136.171387
1368.146851	5284.263672
1367.090576	5195.593262
1366.034180	5277.348633
1364.977539	4959.209961
1363.920776	4813.887207
1362.863647	4370.626953
1361.806396	4149.819336
1360.748901	3959.835449
1359.691284	3845.564941
1358.633301	3542.292969
1357.575195	3631.340332
1356.516724	3503.035156
1355.458130	3433.823486
1354.399414	3296.166992
1353.340332	3406.437012
1352.281128	3410.453125
1351.221680	3272.886230
1350.161987	3274.568604
1349.102051	3276.250244
1348.041992	3228.408203
1346.981567	3331.480957
1345.921021	3196.428711
1344.860229	3216.978516
1343.799316	3246.944580
1342.738037	3347.571777
1341.676636	3379.853271
1340.614990	3421.540527
1339.553101	3613.887207
1338.490967	3639.031494
1337.428711	3621.804932
1336.366089	3764.579834
1335.303345	3806.143311
1334.240356	3939.413086
1333.177246	4067.924561
1332.113770	4297.472168
1331.050171	4531.625000
1329.986328	4634.083984
1328.922241	5018.435059
1327.857910	5266.386230
1326.793457	5490.749512
1325.728638	5649.275879
1324.663696	5742.005859
1323.598511	5790.103516
1322.533081	5873.379395
1321.467529	5799.434570
1320.401733	5732.557129
1319.335571	5637.565918
1318.269287	5692.667969
1317.202881	5916.521973
1316.136108	6166.062988
1315.069092	6504.539063
1314.001953	7032.628906
1312.934570	7518.340332
1311.866943	8109.225098
1310.799194	9154.055664
1309.731079	10125.890625
1308.662842	11600.468750
1307.594360	13514.305664
1306.525635	15778.234375
1305.456665	18691.398438
1304.387451	22127.128906
1303.318115	25912.099609
1302.248535	29676.800781
1301.178711	32998.277344
1300.108643	34622.191406
1299.038330	35610.078125
1297.967896	35668.078125
1296.897095	36319.109375
1295.826172	38176.753906
1294.755005	40880.835938
1293.683716	44923.179688
1292.612061	47711.050781
1291.540161	47327.949219
1290.468140	42770.765625
1289.395874	36198.734375
1288.323364	28547.841797
1287.250732	22249.500000
1286.177734	17428.687500
1285.104614	14301.134766
1284.031128	11934.156250
1282.957520	10739.439453
1281.883667	9959.622070
1280.809692	9475.734375
1279.735352	9224.761719
1278.660889	9222.843750
1277.586182	9413.998047
1276.511230	9281.802734
1275.436035	9224.067383
1274.360596	9126.835938
1273.285034	9343.416016
1272.209106	9564.552734
1271.133057	9920.345703
1270.056763	10236.503906
1268.980225	10868.361328
1267.903564	11667.126953
1266.826538	12528.235352
1265.749390	13268.300781
1264.671997	14228.491211
1263.594360	14854.218750
1262.516479	15822.956055
1261.438354	17150.722656
1260.359985	19361.257813
1259.281494	22507.324219
1258.202759	25992.750000
1257.123779	28114.332031
1256.044556	26535.570313
1254.965088	22314.882813
1253.885498	17574.953125
1252.805542	13691.254883
1251.725464	10941.000977
1250.645142	9041.165039
1249.564575	7988.901367
1248.483765	7619.449219
1247.402710	7326.467773
1246.321533	7278.697754
1245.239990	7115.362793
1244.158325	7199.394043
1243.076416	7174.786133
1241.994263	7057.778809
1240.911987	6915.412109
1239.829346	6491.372559
1238.746582	6203.729004
1237.663452	5939.287598
1236.580200	5598.797852
1235.496704	5216.917480
1234.412964	5058.961914
1233.329102	4746.544434
1232.244873	4609.505859
1231.160522	4767.618652
1230.075806	4969.458496
1228.990967	5235.739258
1227.905884	5884.369629
1226.820679	6590.316406
1225.735107	7823.359375
1224.649292	9481.857422
1223.563354	10914.060547
1222.477173	11731.143555
1221.390747	11829.942383
1220.304077	11109.679688
1219.217163	9934.290039
1218.130005	8655.906250
1217.042725	7453.928711
1215.955078	6673.113770
1214.867310	6127.042480
1213.779297	5971.814453
1212.691040	5782.191895
1211.602539	5762.609375
1210.513794	5736.145996
1209.424927	5780.863281
1208.335693	5834.743164
1207.246338	5762.383301
1206.156738	5811.654785
1205.066895	5849.436035
1203.976807	6137.184082
1202.886475	6413.346191
1201.795898	6888.836426
1200.705200	7797.311035
1199.614258	8849.770508
1198.522949	10495.162109
1197.431519	13101.893555
1196.339844	16545.695313
1195.247925	21613.658203
1194.155884	28526.806641
1193.063477	37311.445313
1191.970947	45202.316406
1190.878052	49505.109375
1189.785034	48136.156250
1188.691772	41725.582031
1187.598267	33118.335938
1186.504517	25927.283203
1185.410522	20105.835938
1184.316406	16096.379883
1183.221924	13102.838867
1182.127319	11133.710938
1181.032471	9740.812500
1179.937378	8314.254883
1178.842041	7511.389160
1177.746460	6902.823730
1176.650635	6502.124512
1175.554565	5925.957520
1174.458374	5395.642090
1173.361816	5025.149414
1172.265137	4730.036133
1171.168213	4603.696289
1170.071045	4627.795898
1168.973633	4770.346191
1167.875977	5147.432129
1166.778076	5831.773926
1165.680054	6682.025879
1164.581665	8039.511230
1163.483154	9598.965820
1162.384399	11514.978516
1161.285278	13123.093750
1160.186035	14680.499023
1159.086670	15468.704102
1157.986938	16252.030273
1156.886963	17610.058594
1155.786743	19526.521484
1154.686401	22739.431641
1153.585815	26500.675781
1152.484863	28602.550781
1151.383789	26187.580078
1150.282471	20570.664063
1149.180908	14851.707031
1148.079102	11009.375000
1146.977173	8559.285156
1145.874878	7187.563965
1144.772339	6576.067383
1143.669678	6041.910156
1142.566772	5501.176270
1141.463501	5103.439453
1140.360107	4878.062500
1139.256470	4901.955078
1138.152588	5476.172363
1137.048462	6045.619141
1135.944214	6114.526855
1134.839600	5771.479492
1133.734863	4826.658203
1132.629761	3889.020752
1131.524536	3234.514648
1130.418945	2797.380127
1129.313232	2491.563965
1128.207275	2341.848877
1127.101074	2156.036621
1125.994629	2094.576172
1124.888062	1951.815796
1123.781128	1784.270996
1122.673950	1750.024292
1121.566650	1648.063110
1120.459106	1507.773315
1119.351196	1651.883057
1118.243164	1574.824829
1117.134888	1434.638672
1116.026367	1481.696899
1114.917603	1467.856323
1113.808594	1447.258667
1112.699341	1451.461670
1111.589844	1487.209717
1110.480225	1507.172363
1109.370239	1504.602661
1108.260132	1571.843506
1107.149780	1623.295898
1106.039063	1697.236206
1104.928223	1755.391724
1103.817139	1876.523438
1102.705811	1887.375854
1101.594238	1956.699707
1100.482422	2001.259521
1099.370361	2115.492676
1098.258179	2252.153809
1097.145630	2449.431396
1096.032837	2419.708008
1094.919922	2385.504395
1093.806763	2333.348877
1092.693237	2287.951172
1091.579590	2166.248535
1090.465698	2161.302979
1089.351563	2039.678223
1088.237183	1971.946167
1087.122559	1917.700073
1086.007690	1998.023804
1084.892578	1863.083618
1083.777222	1876.139526
1082.661743	1817.476929
1081.545898	1774.522705
1080.429932	1668.864258
1079.313599	1784.971924
1078.197144	1764.442871
1077.080444	1703.626465
1075.963379	1671.932007
1074.846191	1740.948486
1073.728760	1615.294922
1072.611084	1733.503052
1071.493164	1757.736328
1070.375000	1802.081787
1069.256592	1808.407227
1068.138062	1823.669434
1067.019165	1926.067383
1065.900024	1880.981689
1064.780762	1918.553223
1063.661133	2094.554932
1062.541382	2239.226807
1061.421265	2232.057373
1060.301025	2410.112549
1059.180542	2659.487793
1058.059814	2919.910889
1056.938721	3345.256104
1055.817505	4013.458496
1054.696045	4719.275391
1053.574341	5839.341797
1052.452393	7723.235840
1051.330322	10542.014648
1050.207886	14949.923828
1049.085205	21685.273438
1047.962280	30633.042969
1046.839233	41555.875000
1045.715820	52665.472656
1044.592163	58592.820313
1043.468384	57058.851563
1042.344360	48957.921875
1041.219971	38221.031250
1040.095459	29451.687500
1038.970581	22997.591797
1037.845581	18883.943359
1036.720337	16336.107422
1035.594849	15115.417969
1034.469116	14681.391602
1033.343140	14616.114258
1032.216919	14519.787109
1031.090454	14523.369141
1029.963745	13652.713867
1028.836792	12143.527344
1027.709595	10506.339844
1026.582153	8648.098633
1025.454590	7462.392578
1024.326660	6405.746582
1023.198547	5890.265137
1022.070129	5634.224609
1020.941528	5823.530273
1019.812683	6183.282227
1018.683594	7158.421875
1017.554260	8611.307617
1016.424683	10408.840820
1015.294861	12517.611328
1014.164856	14006.043945
1013.034546	13890.269531
1011.904053	12133.716797
1010.773254	9829.608398
1009.642273	7526.477051
1008.510986	5922.666016
1007.379517	4710.613770
1006.247803	3850.308350
1005.115845	3345.943359
1003.983643	2958.820068
1002.851135	2702.109619
1001.718506	2624.286377
1000.585571	2396.442383
999.452393	2398.139648
998.318970	2214.554688
997.185303	2075.152832
996.051392	1849.822998
994.917297	1805.343628
993.782898	1663.913208
992.648315	1630.508911
991.513428	1586.104004
990.378357	1570.349854
989.242981	1561.208252
988.107422	1419.979370
986.971619	1608.967896
985.835571	1487.593872
984.699219	1531.280029
983.562683	1458.366089
982.425903	1480.047852
981.288879	1519.310059
980.151611	1532.176514
979.014099	1643.937256
977.876343	1617.219971
976.738342	1711.340210
975.600098	1893.275391
974.461609	2327.662354
973.322876	2744.301025
972.183960	3119.057617
971.044739	3256.647949
969.905273	3023.386719
968.765564	2777.063232
967.625671	2291.795654
966.485474	1872.513916
965.345032	1729.624146
964.204407	1523.235596
963.063477	1408.966797
961.922302	1314.463623
960.780945	1285.709717
959.639282	1311.713989
958.497437	1309.245239
957.355286	1227.976807
956.212952	1299.933838
955.070313	1223.077759
953.927490	1319.067627
952.784363	1248.801147
951.641052	1202.617065
950.497437	1265.757935
949.353638	1210.847046
948.209534	1206.218628
947.065247	1275.872314
945.920654	1247.205200
944.775879	1229.468994
943.630798	1259.773315
942.485535	1244.224731
941.339966	1272.330444
940.194214	1392.064575
939.048218	1278.332153
937.901917	1371.841919
936.755432	1360.646729
935.608643	1399.597534
934.461670	1449.429565
933.314392	1555.897583
932.166931	1679.749390
931.019165	1762.162354
929.871155	1781.385864
928.722961	2048.809814
927.574463	2183.334229
926.425781	2548.493164
925.276794	3050.575928
924.127625	3700.372070
922.978149	4713.106445
921.828430	6051.580078
920.678467	7632.971680
919.528320	8865.918945
918.377869	9181.295898
917.227173	8088.677246
916.076233	6590.331543
914.925110	4773.386230
913.773682	3521.737061
912.622009	2839.363525
911.470093	2326.565186
910.317932	1959.364990
909.165527	1768.041016
908.012878	1728.622681
906.859985	1578.630249
905.706848	1480.733398
904.553406	1569.285156
903.399780	1460.596680
902.245911	1466.784058
901.091797	1568.278442
899.937378	1550.617676
898.782776	1608.746460
897.627930	1582.425415
896.472778	1707.614868
895.317383	1705.085693
894.161804	1815.051758
893.005920	1896.853027
891.849854	2108.364746
890.693481	2207.363770
889.536865	2511.662598
888.380005	2967.103760
887.222900	3489.327393
886.065552	3937.883301
884.907959	4431.599609
883.750122	4700.548828
882.592041	4565.701172
881.433716	4348.896973
880.275085	3935.825928
879.116272	3494.885986
877.957214	3118.841064
876.797852	2878.810791
875.638245	2632.415527
874.478455	2504.677490
873.318359	2407.164551
872.158020	2303.229492
870.997437	2263.961914
869.836609	2153.640869
868.675537	2118.728271
867.514221	2081.677734
866.352661	2057.556641
865.190857	1895.730713
864.028748	1826.481445
862.866455	1845.447510
861.703857	1718.177490
860.541077	1696.309448
859.377991	1562.677246
858.214661	1710.624756
857.051086	1538.372437
855.887329	1447.821899
854.723206	1612.879761
853.558899	1522.351929
852.394348	1517.731689
851.229553	1498.089478
850.064453	1551.412842
848.899170	1574.678467
847.733582	1642.976318
846.567749	1721.966919
845.401672	1818.075195
844.235352	2107.056641
843.068787	2449.489746
841.901978	3042.456787
840.734924	3675.869141
839.567566	4784.456543
838.400024	5922.543457
837.232178	7051.578613
836.064148	7548.746582
834.895813	6644.122559
833.727234	5279.925781
832.558411	3841.453857
831.389282	2966.008301
830.219971	2338.944092
829.050415	2066.976807
827.880554	1716.055176
826.710449	1717.822754
825.540161	1689.683472
824.369568	1633.792480
823.198730	1526.680054
822.027588	1519.947388
820.856262	1536.694702
819.684692	1510.757935
818.512817	1621.368530
817.340698	1557.031982
816.168396	1665.452393
814.995789	1748.241943
813.822876	1950.362305
812.649780	2120.429199
811.476440	2595.102051
810.302795	3080.221191
809.128967	4093.299072
807.954834	5046.321289
806.780457	5364.552734
805.605835	4933.474121
804.430908	3911.031982
803.255798	3061.350586
802.080383	2684.219482
800.904785	2381.678467
799.728882	2362.030762
798.552734	2346.642578
797.376343	2418.391113
796.199646	2507.105713
795.022766	2680.750244
793.845581	3132.531006
792.668152	3673.294922
791.490479	4557.724609
790.312561	6367.128418
789.134399	9406.464844
787.955994	14111.957031
786.777283	22465.666016
785.598328	33122.921875
784.419128	39953.058594
783.239685	35743.332031
782.059998	25008.363281
780.880005	16072.579102
779.699829	10161.286133
778.519348	6848.969727
777.338623	5100.682129
776.157654	3920.475098
774.976379	3301.630859
773.794922	2873.491455
772.613159	2612.662598
771.431152	2502.115234
770.248901	2474.084961
769.066406	2344.587646
767.883606	2451.879395
766.700623	2550.671631
765.517334	2493.075439
764.333801	2758.689209
763.150024	2863.686035
761.965942	3262.123047
760.781677	3770.156982
759.597107	4571.329590
758.412292	6060.028320
757.227234	8353.943359
756.041931	12156.999023
754.856323	18305.359375
753.670471	27657.652344
752.484375	42039.222656
751.298035	58700.992188
750.111450	78490.539063
748.924561	60303.839844
747.737427	40360.230469
746.550049	23768.750000
745.362427	14200.486328
744.174561	9026.490234
742.986389	6314.440430
741.797974	4703.776367
740.609314	4008.701904
739.420410	3097.344971
738.231201	2930.593506
737.041809	2633.600098
735.852112	2452.311279
734.662109	2260.595947
733.471924	2113.073486
732.281433	2013.915039
731.090759	1918.998535
729.899780	1832.519531
728.708496	1773.360229
727.517029	1720.521118
726.325256	1799.862549
725.133240	1828.834473
723.940979	1734.080688
722.748413	1842.716553
721.555664	1882.139648
720.362610	1906.877319
719.169250	2000.739624
717.975708	2071.520996
716.781860	2161.118408
715.587830	2346.984863
714.393433	2568.354736
713.198853	2929.842529
712.003967	3471.110352
710.808838	4279.898438
709.613464	5602.815430
708.417847	7600.527832
707.221924	10533.906250
706.025757	15112.949219
704.829346	19015.072266
703.632690	19203.144531
702.435730	15610.655273
701.238525	10961.003906
700.041077	7033.645020
698.843384	4959.427734
697.645386	3597.726074
696.447144	2858.361084
695.248657	2405.090820
694.049866	2095.916260
692.850891	1853.596680
691.651611	1771.895386
690.452026	1669.388062
689.252258	1656.523193
688.052185	1589.500122
686.851868	1497.512695
685.651306	1461.787842
684.450439	1505.189331
683.249329	1446.582520
682.047974	1421.296509
680.846313	1425.148560
679.644409	1453.959473
678.442261	1439.086060
677.239868	1526.097534
676.037170	1529.922974
674.834290	1542.059692
673.631042	1660.158691
672.427612	1776.128662
671.223877	2016.661743
670.019897	2267.472168
668.815674	2713.316162
667.611145	3300.102295
666.406372	3861.731934
665.201355	4302.788086
663.996033	4094.433350
662.790466	3504.602783
661.584656	2738.800293
660.378601	2338.148438
659.172241	2105.533203
657.965637	1883.378784
656.758789	1750.394409
655.551636	1733.444946
654.344238	1849.019287
653.136597	2082.540039
651.928650	2338.725098
650.720459	2778.958740
649.512024	3632.753662
648.303284	4651.641602
647.094299	6633.709961
645.885071	9133.834961
644.675598	11438.574219
643.465820	14261.003906
642.255798	17251.619141
641.045471	21046.515625
639.834900	23691.529297
638.624084	22769.630859
637.413025	18138.656250
636.201660	12523.200195
634.990051	8267.882813
633.778137	5590.485352
632.566040	4034.171143
631.353638	3103.324463
630.140930	2605.811523
628.927979	2172.409668
627.714783	2070.963135
626.501343	1829.466553
625.287598	1761.095093
624.073608	1672.160278
622.859314	1614.147095
621.644775	1593.210449
620.429993	1531.123657
619.214966	1355.900757
617.999634	1481.085449
616.784058	1435.516357
615.568176	1470.157593
614.352051	1299.212036
613.135681	1377.028320
611.919006	1345.905151
610.702087	1514.069092
609.484924	1406.934448
608.267456	1443.589355
607.049744	1552.083984
605.831787	1559.954956
604.613525	1760.721924
603.395020	1770.595337
602.176208	2114.814209
600.957153	2202.535156
599.737854	2509.602783
598.518250	2609.498047
597.298401	2731.893066
596.078308	2743.589355
594.857910	2534.038330
593.637268	2439.271973
592.416321	2285.165283
591.195129	2227.343750
589.973694	2198.201904
588.751953	2160.887451
587.529968	2285.210938
586.307739	2384.935303
585.085205	2545.964355
583.862427	2776.435791
582.639343	2749.254883
581.416016	2916.228760
580.192444	2997.316406
578.968567	2986.446289
577.744446	2957.200439
576.520020	2940.218018
575.295410	2862.001709
574.070435	2916.479492
572.845215	2838.302246
571.619751	2937.641602
570.394043	3049.174805
569.168030	3179.010986
567.941711	3298.596680
566.715210	3689.215576
565.488403	3996.113525
564.261292	4555.507813
563.033936	5245.017578
561.806335	6355.770996
560.578430	7865.093750
559.350281	10230.724609
558.121826	13824.526367
556.893127	18326.246094
555.664124	24054.658203
554.434875	30002.236328
553.205383	35538.503906
551.975586	38746.722656
550.745544	39215.839844
549.515259	37538.968750
548.284668	35273.683594
547.053772	32968.769531
545.822632	29816.050781
544.591248	26936.761719
543.359558	22863.208984
542.127625	18720.416016
540.895447	15179.988281
539.662903	11969.718750
538.430176	9618.692383
537.197144	7868.847168
535.963867	6622.487793
534.730286	6088.025879
533.496460	5480.855957
532.262329	4930.673340
531.027954	4528.579102
529.793274	4023.394043
528.558350	3623.699951
527.323181	3246.445068
526.087708	3041.355469
524.851990	2753.409424
523.615967	2645.604248
522.379639	2630.866943
521.143127	2668.701416
519.906250	2936.947021
518.669189	3338.450928
517.431824	3955.961670
516.194153	4486.341797
514.956238	4685.287109
513.718079	4538.882324
512.479614	3984.778320
511.240845	3158.462646
510.001831	2780.449463
508.762573	2350.152588
507.523010	2135.848633
506.283173	1986.163940
505.043091	1824.449219
503.802704	1789.783447
502.562073	1753.117798
501.321136	1700.351196
500.079956	1736.231934
498.838470	1699.602051
497.596741	1709.293945
496.354736	1666.647217
495.112427	1688.416504
493.869873	1690.056396
492.627045	1756.064209
491.383942	1679.255859
490.140533	1721.109131
488.896881	1672.484863
487.652954	1656.038086
486.408752	1762.166382
485.164276	1681.422974
483.919495	1755.363770
482.674469	1666.625366
481.429169	1760.612061
480.183594	1830.471924
478.937744	1840.101318
477.691620	1743.397095
476.445190	1819.231567
475.198517	1848.909912
473.951569	1860.531128
472.704346	1948.315796
471.456818	1899.789673
470.209045	1965.487549
468.960999	2121.296387
467.712646	2030.707642
466.464050	2090.325928
465.215149	2133.903564
463.966003	2345.574707
462.716553	2245.011475
461.466858	2370.544434
460.216858	2420.020996
458.966583	2533.462158
457.716064	2702.828613
456.465240	2700.232422
455.214142	2885.472900
453.962769	3122.574219
452.711121	3245.720459
451.459198	3478.643066
450.207001	3645.578613
448.954529	4028.012451
447.701752	4643.762207
446.448730	5376.953613
445.195404	6231.498047
443.941833	7444.633789
442.687958	8535.608398
441.433807	9390.879883
440.179413	9881.060547
438.924713	9872.896484
437.669739	9380.662109
436.414490	9314.853516
435.158936	9422.307617
433.903137	9555.591797
432.647034	10192.365234
431.390686	12006.857422
430.134033	14536.738281
428.877106	18690.498047
427.619904	23973.900391
426.362427	29573.058594
425.104675	32866.031250
423.846649	31531.283203
422.588318	26507.667969
421.329742	20354.062500
420.070862	14957.823242
418.811707	10906.149414
417.552277	8287.471680
416.292572	6638.430664
415.032593	5585.362793
413.772308	4840.235840
412.511749	4363.179688
411.250946	3868.489014
409.989838	3560.361572
408.728424	3353.449707
407.466766	3269.482666
406.204834	3076.594238
404.942596	2903.597168
403.680084	2879.190674
402.417297	2827.078369
401.154236	2899.685547
399.890869	2784.267578
398.627258	2724.296875
397.363342	2769.185791
396.099152	2768.571045
394.834686	2837.155518
393.569946	2854.315430
392.304901	2899.135010
391.039581	3050.627441
389.773987	3196.126465
388.508118	3497.578857
387.241974	3692.275391
385.975525	4295.511230
384.708801	4768.221191
383.441803	5668.897461
382.174530	6251.564453
380.906952	6524.322754
379.639099	6501.182617
378.370972	6261.196777
377.102570	5932.623535
375.833862	5428.818848
374.564911	5246.363281
373.295654	4983.231934
372.026093	4958.493164
370.756287	4923.921387
369.486176	5005.496582
368.215790	5026.030273
366.945129	4916.701172
365.674164	4832.992188
364.402954	4763.086426
363.131409	4667.650879
361.859619	4644.989258
360.587524	4394.364746
359.315186	4071.152832
358.042511	3932.738281
356.769592	3715.826172
355.496368	3671.801270
354.222870	3527.677979
352.949097	3416.983643
351.675018	3408.373779
350.400665	3364.455566
349.126038	3438.237305
347.851105	3449.236816
346.575897	3522.966064
345.300415	3516.301025
344.024658	3631.133789
342.748596	3722.405273
341.472260	3862.603760
340.195618	4067.363037
338.918701	4356.218262
337.641510	4545.116211
336.364044	5178.164063
335.086273	5767.884766
333.808228	6676.187500
332.529877	7666.223145
331.251282	8812.235352
329.972351	9963.599609
328.693176	10711.851563
327.413696	11887.678711
326.133942	13406.793945
324.853882	15944.724609
323.573547	18510.810547
322.292938	19855.636719
321.012024	18449.851563
319.730835	15448.520508
318.449371	11806.691406
317.167603	8975.918945
315.885559	7353.462402
314.603210	6039.761230
313.320587	5344.520996
312.037689	4922.408691
310.754486	4646.604492
309.471008	4450.783691
308.187225	4397.209961
306.903198	4501.363281
305.618835	4490.624512
304.334198	4666.715332
303.049286	4936.117676
301.764099	5182.057129
300.478607	5645.701172
299.192810	6496.063477
297.906769	7902.003418
296.620392	9966.153320
295.333771	13237.952148
294.046844	17910.851563
292.759613	24038.289063
291.472107	28980.464844
290.184326	29304.003906
288.896240	24798.507813
287.607849	18210.998047
286.319214	13133.817383
285.030273	9668.749023
283.741028	7750.719727
282.451508	6510.155762
281.161682	5731.453613
279.871582	5422.055176
278.581207	5101.170410
277.290527	5080.658691
275.999542	4959.456055
274.708282	4962.217773
273.416748	5021.111816
272.124908	5203.833984
270.832794	5607.041016
269.540375	5957.838867
268.247650	6666.256348
266.954681	7643.111816
265.661377	8834.098633
264.367798	10086.396484
263.073944	10679.251953
261.779785	10603.451172
260.485352	9401.717773
259.190613	8275.827148
257.895599	7333.835449
256.600281	6517.717773
255.304672	5964.390625
254.008774	5862.736328
252.712585	5587.541016
251.416107	5557.363281
250.119339	5272.719727
248.822281	5288.883789
247.524933	5332.018066
246.227280	5392.471680
244.929352	5339.255859
243.631119	5380.422852
242.332611	5348.410645
241.033798	5397.255859
239.734695	5347.934082
238.435303	5458.324219
237.135620	5509.034180
235.835648	5605.875488
234.535385	5735.358887
233.234818	5697.547852
231.933975	6005.680664
230.632828	5823.721191
229.331390	6043.322266
228.029663	6139.911133
226.727646	6386.223145
225.425323	6425.101074
224.122726	6632.852539
222.819824	6825.160156
221.516632	7080.686523
220.213135	7148.140625
218.909363	7443.746094
217.605286	7635.696289
216.300919	7802.643555
214.996262	8072.990723
213.691315	8105.658691
212.386063	8220.671875
211.080521	8599.890625
209.774689	8821.950195
208.468567	9063.049805
207.162140	9459.044922
205.855423	9763.026367
204.548416	10057.307617
203.241119	10380.140625
201.933517	10662.676758
200.625626	11356.051758
199.317429	11632.506836
198.008957	12140.020508
196.700180	12790.568359
195.391098	13503.843750
194.081741	14455.461914
192.772079	15137.497070
191.462112	16105.492188
190.151871	17267.669922
188.841324	18795.582031
187.530472	20700.423828
186.219345	22627.285156
184.907898	25020.324219
183.596176	28159.386719
182.284149	32120.187500
180.971832	37677.515625
179.659210	44053.210938
178.346298	53175.640625
177.033096	64610.792969
175.719589	77694.757813
174.405777	92574.835938
173.091690	104779.062500
171.777283	113116.679688
170.462601	112381.867188
169.147614	102687.218750
167.832321	87802.250000
166.516739	71314.437500
165.200867	58354.523438
163.884689	47894.421875
162.568207	41489.632813
161.251434	36988.214844
159.934372	34470.503906
158.617004	32769.945313
157.299347	31747.490234
155.981384	31854.132813
154.663132	32493.623047
153.344574	33542.363281
152.025711	35195.316406
150.706558	37436.914063
149.387115	40454.335938
148.067368	44144.757813
146.747314	49257.703125
145.426971	55150.328125
144.106323	62906.796875
142.785385	72813.515625
141.464142	85843.492188
140.142593	100814.164063
138.820755	118592.320313
137.498627	139140.125000
136.176178	159858.218750
134.853455	180381.703125
133.530411	197182.828125
132.207077	207759.109375
130.883438	211057.062500
129.559509	205927.859375
128.235275	198813.015625
126.910736	193777.578125
125.585907	192161.828125
124.260773	198436.546875
122.935333	211130.843750
121.609604	226644.234375
120.283569	240762.984375
118.957230	246970.078125
117.630600	241358.734375
116.303665	221826.859375
114.976425	192590.015625
113.648888	162398.453125
112.321053	136136.703125
110.992912	118069.343750
109.664474	106813.250000
108.335732	100181.281250
107.006691	99364.773438
105.677345	100707.585938
104.347702	102412.656250
103.017754	102692.085938
101.687500	100099.726563
100.356956	94599.968750
99.026100	85764.617188
