3202.653564	144.947998
3201.946533	208.583694
3201.239258	212.080978
3200.531738	109.555527
3199.824219	116.602715
3199.116699	134.245712
3198.408691	158.946671
3197.700928	197.764832
3196.99292	250.692581
3196.284668	176.512405
3195.576416	162.362274
3194.86792	123.514359
3194.159424	162.304031
3193.450684	229.301498
3192.741943	176.354126
3192.032959	190.428284
3191.323975	211.549011
3190.614746	204.460678
3189.905518	162.129364
3189.196045	179.719864
3188.486572	214.920471
3187.776855	193.745972
3187.066895	133.836823
3186.356934	151.419754
3185.646973	186.600143
3184.936768	183.046509
3184.226318	151.338211
3183.515869	165.386475
3182.80542	161.838547
3182.094727	182.91507
3181.383789	144.195602
3180.672852	179.333054
3179.96167	87.89257
3179.250488	137.087784
3178.539063	140.577591
3177.827637	210.828522
3177.115967	137.013916
3176.404297	200.215134
3175.692383	175.595764
3174.980469	140.45137
3174.268311	193.085938
3173.556152	196.561264
3172.84375	154.413239
3172.131348	210.525665
3171.418701	224.52034
3170.705811	105.224998
3169.99292	129.754166
3169.280029	150.76828
3168.566895	154.24678
3167.853516	217.30867
3167.140137	175.217422
3166.426514	154.163605
3165.712891	98.086479
3164.999268	192.635223
3164.285156	171.589615
3163.571289	147.050354
3162.857178	182.029602
3162.142822	213.496323
3161.428223	125.975166
3160.713867	181.931396
3159.999023	132.925949
3159.28418	195.855637
3158.569336	195.820404
3157.854248	167.815872
3157.13916	153.803528
3156.423828	150.28096
3155.708252	164.231018
3154.992676	171.188766
3154.2771	136.227753
3153.561035	181.604324
3152.845215	146.654022
3152.12915	153.609894
3151.412842	132.639206
3150.696533	157.044464
3149.97998	90.720467
3149.263428	129.078964
3148.546631	219.74353
3147.829834	160.418762
3147.112793	195.257248
3146.395752	160.360992
3145.678467	135.933746
3144.960938	163.788101
3144.243408	167.242828
3143.525879	188.114288
3142.808105	114.938026
3142.090088	184.564178
3141.37207	153.195496
3140.654053	111.394829
3139.935547	170.542603
3139.217285	156.592545
3138.498779	163.522736
3137.780029	198.279083
3137.061279	153.029953
3136.342285	125.183762
3135.623047	128.637894
3134.904053	156.423294
3134.18457	177.247787
3133.465088	125.093529
3132.745605	156.33873
3132.025879	83.365623
3131.305908	135.444717
3130.585938	201.394287
3129.865967	173.584457
3129.145752	124.958275
3128.425293	135.347046
3127.704834	156.14151
3126.984131	159.582535
3126.263428	176.896561
3125.54248	69.358688
3124.821533	166.430817
3124.100342	204.534317
3123.37915	169.836838
3122.657715	149.013596
3121.936035	166.31076
3121.214355	142.031464
3120.492676	183.568527
3119.770752	124.665558
3119.048584	155.803818
3118.326416	173.084122
3117.604004	235.351913
3116.881592	207.625977
3116.15918	183.369843
3115.436279	145.285721
3114.713623	155.635162
3113.990479	162.522949
3113.267334	238.554428
3112.544189	224.684616
3111.820801	172.803116
3111.097412	176.227356
3110.373779	145.102203
3109.649902	210.705612
3108.926025	196.853287
3108.202148	186.458908
3107.477783	217.496094
3106.753662	231.263596
3106.029297	196.711105
3105.304688	241.531387
3104.580078	238.037933
3103.855225	213.85051
3103.130127	224.157608
3102.405273	241.356888
3101.679932	258.549927
3100.95459	248.163071
3100.229248	206.765182
3099.503662	361.773682
3098.777832	268.697601
3098.052002	282.425903
3097.325928	247.938889
3096.599854	203.135406
3095.873779	265.061005
3095.147217	265.013062
3094.420898	295.93512
3093.694092	344.04837
3092.967285	288.948364
3092.240479	282.017639
3091.513428	350.738983
3090.786377	326.609589
3090.058838	333.425262
3089.331543	347.111969
3088.604004	329.86853
3087.876221	374.470459
3087.148438	422.49115
3086.42041	405.243378
3085.692383	312.461639
3084.964111	422.261841
3084.23584	415.320648
3083.507324	439.267944
3082.778809	422.032654
3082.050049	432.247894
3081.321045	428.739746
3080.592041	380.651978
3079.863037	387.44043
3079.133545	407.938629
3078.404297	428.429382
3077.674805	359.815521
3076.945068	459.110016
3076.215332	339.131805
3075.485352	407.569458
3074.755127	390.373993
3074.024902	499.862091
3073.294678	513.463928
3072.564209	434.654083
3071.83374	482.481293
3071.102783	410.548004
3070.37207	441.259155
3069.641113	512.999084
3068.909912	506.067383
3068.178711	502.556946
3067.447266	471.702667
3066.71582	522.879944
3065.984131	580.872437
3065.252197	597.848511
3064.520264	597.740173
3063.78833	628.367188
3063.056152	512.163025
3062.32373	556.449585
3061.591309	703.115601
3060.858643	679.100159
3060.125977	771.099548
3059.393066	818.718323
3058.660156	852.676941
3057.927002	1029.847046
3057.193848	1097.849609
3056.460449	1165.827637
3055.726807	1264.454956
3054.993164	1380.084595
3054.259521	1567.219238
3053.525635	1447.71167
3052.791504	1392.956787
3052.057373	1345.032104
3051.322998	1256.270386
3050.588623	1245.830688
3049.854004	1003.971008
3049.119385	908.513916
3048.384521	908.34906
3047.649414	795.936768
3046.914307	731.176697
3046.178955	669.840271
3045.443604	741.110046
3044.708252	713.783752
3043.972412	635.492065
3043.236816	727.115601
3042.500732	743.969177
3041.764648	737.041077
3041.028564	719.927856
3040.292236	696.030212
3039.555908	723.061096
3038.819336	790.810486
3038.08252	753.339233
3037.345703	790.523254
3036.608643	831.085938
3035.871582	847.892822
3035.134277	827.393066
3034.396973	711.971252
3033.659424	725.400818
3032.921631	623.595764
3032.183838	555.712646
3031.446045	558.999512
3030.708008	541.96167
3029.969727	541.863159
3029.231445	460.5
3028.49292	372.395538
3027.754395	399.40625
3027.015625	385.796906
3026.276855	372.192505
3025.537842	375.507782
3024.798584	416.027588
3024.059326	355.080933
3023.320068	321.205292
3022.580322	334.668854
3021.84082	307.56897
3021.10083	337.926422
3020.361084	341.243591
3019.62085	327.669403
3018.880615	270.193665
3018.140381	317.4198
3017.399902	361.252563
3016.65918	401.693756
3015.918457	391.495789
3015.177734	323.937561
3014.436523	364.363464
3013.695557	377.789642
3012.954102	374.348389
3012.212891	445.090057
3011.471191	461.865448
3010.729492	390.997375
3009.987793	404.406433
3009.245605	502.0466
3008.503662	458.160461
3007.761475	407.553833
3007.019043	454.626068
3006.276611	464.644257
3005.533936	515.055237
3004.791016	531.790283
3004.048096	514.867676
3003.305176	541.690247
3002.562012	585.322571
3001.818604	615.485779
3001.075195	638.912537
3000.331543	706.037842
2999.587891	766.415771
2998.843994	803.245605
2998.100098	961.030945
2997.355957	977.653992
2996.611572	1011.066101
2995.867188	1041.107544
2995.122803	1118.147217
2994.378174	1017.227844
2993.633301	1040.538452
2992.888428	1117.536011
2992.143311	1056.936035
2991.397949	1086.936035
2990.652588	1056.550659
2989.907227	965.81311
2989.161621	1066.224243
2988.415771	1015.745422
2987.669922	1039.021973
2986.923828	1058.938965
2986.177734	1122.404663
2985.431396	1135.599365
2984.685059	1175.58313
2983.938477	1151.928345
2983.19165	1278.942871
2982.444824	1181.634766
2981.697754	1301.903931
2980.950684	1338.474487
2980.203369	1140.841309
2979.456055	1164.047974
2978.708496	1137.080688
2977.960938	1146.904419
2977.213135	1056.430542
2976.465088	1012.784912
2975.717041	992.548645
2974.968994	808.595703
2974.220459	818.470215
2973.471924	794.940186
2972.723389	864.924072
2971.974609	811.34436
2971.22583	777.81366
2970.476807	700.905762
2969.727539	754.17041
2968.978271	650.603394
2968.22876	683.842773
2967.479248	737.081238
2966.729492	806.973267
2965.979736	760.149963
2965.229736	813.345276
2964.479492	799.865601
2963.729248	846.369751
2962.979004	832.888916
2962.228271	779.441589
2961.477783	982.449829
2960.726807	932.324402
2959.97583	1065.318848
2959.224854	1118.380371
2958.473633	1144.799316
2957.722168	1187.844849
2956.970703	1151.03418
2956.219238	1240.628052
2955.467285	1227.099365
2954.715332	1369.844238
2953.963379	1372.917969
2953.211182	1475.700073
2952.458984	1478.753296
2951.706543	1418.679199
2950.953857	1388.523315
2950.201172	1418.1604
2949.448242	1441.145264
2948.695313	1337.961548
2947.942139	1347.675049
2947.188721	1188.126709
2946.435303	1181.272949
2945.681885	1015.178101
2944.927979	938.702087
2944.174316	948.479431
2943.420166	855.464722
2942.66626	888.459717
2941.911865	805.433594
2941.157471	801.972229
2940.403076	808.452148
2939.648438	679.108032
2938.893555	622.677734
2938.138672	708.663025
2937.383545	678.735168
2936.628174	655.438843
2935.872803	688.415771
2935.117432	645.271606
2934.361816	641.844971
2933.605957	641.727417
2932.850098	658.146301
2932.093994	624.959106
2931.337891	618.232544
2930.581543	747.031921
2929.824951	723.761169
2929.068359	631.109863
2928.311768	716.888733
2927.554932	673.818054
2926.797852	752.952759
2926.040771	746.211182
2925.283447	805.496338
2924.525879	815.250549
2923.768311	834.901184
2923.010742	920.532593
2922.252686	913.766296
2921.494873	907.002441
2920.736572	1018.954102
2919.978516	1051.737183
2919.219971	995.50592
2918.461426	1028.281128
2917.702881	1061.044312
2916.943848	1074.027954
2916.185059	1063.949219
2915.425781	1047.287354
2914.666504	977.947449
2913.907227	977.768127
2913.147705	921.632507
2912.387939	839.189941
2911.628174	822.584351
2910.868408	792.825867
2910.108154	772.945618
2909.3479	687.302124
2908.587646	782.525818
2907.827148	788.956848
2907.066406	805.245667
2906.305664	736.089539
2905.544922	775.380554
2904.783691	745.674072
2904.022461	732.400024
2903.26123	880.032166
2902.499756	804.359375
2901.738037	777.951721
2900.976318	699.043457
2900.2146	757.978333
2899.452393	685.664063
2898.690186	587.135559
2897.927979	577.18927
2897.165527	501.668976
2896.402832	501.576843
2895.640137	439.208862
2894.877197	439.128174
2894.114258	429.218109
2893.351074	471.725586
2892.587891	376.656097
2891.824463	432.256256
2891.060791	343.777039
2890.297119	330.620026
2889.533203	333.832123
2888.769287	340.315308
2888.005127	297.721161
2887.240967	405.61145
2886.476318	359.750458
2885.711914	330.255615
2884.947266	307.31012
2884.182373	402.044647
2883.417236	431.38324
2882.652344	339.815216
2881.886963	378.954956
2881.121582	405.01532
2880.355957	476.785187
2879.590332	440.781952
2878.824463	470.080933
2878.058594	479.786041
2877.29248	496.014038
2876.526123	515.498718
2875.759766	632.837708
2874.993164	645.76709
2874.226563	759.778015
2873.459717	788.980469
2872.692871	873.586182
2871.925781	902.756897
2871.158447	1045.962646
2870.391113	1091.380005
2869.623535	1227.983765
2868.855957	1139.828125
2868.088135	1159.154663
2867.320313	1048.255859
2866.552002	1015.514404
2865.783936	888.411499
2865.015625	715.804199
2864.24707	709.166321
2863.478271	692.773438
2862.709473	552.815979
2861.940674	477.935181
2861.171631	383.578003
2860.402344	364.006989
2859.633057	347.692627
2858.863525	363.872894
2858.09375	324.826691
2857.323975	305.280823
2856.554199	308.471649
2855.78418	373.344269
2855.013916	321.341492
2854.243408	246.640945
2853.473145	236.861465
2852.702393	308.187561
2851.931641	366.513458
2851.160645	301.588226
2850.389648	285.321198
2849.618408	252.851715
2848.847168	246.322922
2848.075684	265.72049
2847.303955	200.873566
2846.532227	239.708115
2845.760254	220.231705
2844.988281	252.572144
2844.216064	278.425629
2843.443604	178.03006
2842.671143	203.887741
2841.898682	216.792999
2841.125732	236.163727
2840.352783	181.13327
2839.579834	229.608749
2838.806641	187.533112
2838.033203	161.636642
2837.259766	177.767502
2836.486084	232.670883
2835.712402	235.858902
2834.938477	174.438766
2834.164551	258.380127
2833.390381	171.145233
2832.615967	171.113647
2831.841553	200.133728
2831.066895	225.915726
2830.291992	219.420471
2829.51709	183.892029
2828.742188	225.790619
2827.966797	193.499084
2827.19165	170.892624
2826.416016	215.994186
2825.640381	154.713531
2824.864746	251.363052
2824.088867	196.54248
2823.312744	196.50618
2822.536621	183.586609
2821.760254	225.415588
2820.983643	186.738419
2820.207031	251.084579
2819.430176	234.945984
2818.65332	231.684738
2817.876221	270.248901
2817.099121	241.249084
2816.321777	157.586929
2815.544189	273.314575
2814.766602	231.470718
2813.98877	279.64209
2813.210938	250.667252
2812.432861	195.998413
2811.654541	212.024643
2810.876221	189.502136
2810.097656	195.889709
2809.319092	269.69989
2808.540283	231.128586
2807.761475	237.504883
2806.982422	195.744843
2806.203125	214.958679
2805.423828	227.749893
2804.644287	208.464859
2803.864502	176.360703
2803.084717	201.9758
2802.304932	224.376038
2801.524658	137.805481
2800.744629	205.067886
2799.964111	192.215576
2799.183594	134.526001
2798.403076	188.942017
2797.62207	169.696167
2796.841309	163.262314
2796.060059	153.630203
2795.278809	236.802719
2794.497559	191.96666
2793.716064	220.720779
2792.934326	182.300797
2792.152588	115.116028
2791.370605	182.233292
2790.588379	198.181961
2789.806152	182.165802
2789.023682	172.546173
2788.241211	153.345963
2787.458496	127.764633
2786.675781	137.321533
2785.892578	185.190079
2785.109619	166.001724
2784.326416	175.546219
2783.542969	137.219803
2782.759277	149.956635
2781.975586	175.448654
2781.191895	153.090439
2780.407715	159.439667
2779.623535	162.598312
2778.839355	204.007111
2778.054932	133.854858
2777.270264	162.507904
2776.485596	136.991058
2775.700684	133.780411
2774.915771	191.079453
2774.130615	149.651138
2773.345215	171.90773
2772.559814	168.692963
2771.77417	143.203308
2770.988525	114.541397
2770.202637	174.961349
2769.416504	187.650986
2768.630371	162.176697
2767.843994	174.863998
2767.057617	139.865234
2766.270996	108.057632
2765.484131	158.878799
2764.697266	174.734253
2763.910156	193.760193
2763.123047	117.504868
2762.335693	190.513062
2761.548096	146.032913
2760.760498	136.483688
2759.972656	168.192841
2759.184814	161.815903
2758.396729	161.785858
2757.608643	161.755814
2756.820068	231.489838
2756.031738	234.617355
2755.24292	107.777145
2754.454102	167.97435
2753.665283	164.774414
2752.876221	148.903061
2752.086914	180.551025
2751.297363	186.851425
2750.507813	208.981415
2749.718262	193.113602
2748.928467	208.903763
2748.138428	205.700317
2747.348389	183.51387
2746.558105	126.537773
2745.767578	205.585663
2744.977051	183.411575
2744.186279	221.317657
2743.395508	189.665588
2742.604492	224.395889
2741.813232	186.435165
2741.021973	199.037827
2740.230469	173.730865
2739.438965	183.173035
2738.647217	135.775452
2737.855225	179.947937
2737.063232	167.288895
2736.270996	195.660049
2735.47876	230.33107
2734.686279	173.504837
2733.893555	167.164459
2733.10083	195.514496
2732.307861	148.185028
2731.514648	141.85289
2730.721436	176.495193
2729.928223	192.217926
2729.134766	189.031616
2728.341064	195.296326
2727.547119	88.181923
2726.753174	176.331024
2725.959229	176.298203
2725.164795	157.379807
2724.370361	173.085571
2723.575928	166.760498
2722.78125	182.458633
2721.986328	116.374352
2721.191406	166.667358
2720.39624	141.483673
2719.60083	172.892288
2718.80542	185.431732
2718.009766	201.10881
2717.214111	188.504395
2716.418213	213.598526
2715.622314	204.137024
2714.825928	185.259079
2714.029785	182.085159
2713.233154	194.606491
2712.436523	210.261383
2711.639893	222.772781
2710.843018	241.553619
2710.045898	185.052048
2709.248535	203.832901
2708.451172	159.90062
2707.653809	166.140259
2706.855957	184.914108
2706.05835	169.211868
2705.260254	203.64299
2704.462158	234.928864
2703.663818	191.039856
2702.865479	184.741791
2702.066895	178.446075
2701.268311	222.233475
2700.469238	206.544708
2699.67041	178.346237
2698.871094	184.56958
2698.071777	172.024292
2697.272461	140.720886
2696.4729	215.731766
2695.673096	165.676086
2694.873047	243.779694
2694.072998	162.489471
2693.272949	159.33493
2692.472656	199.912399
2691.672119	212.367279
2690.871338	177.98053
2690.070557	199.800476
2689.269775	193.520584
2688.468506	184.122299
2687.667236	205.928864
2686.865967	177.814453
2686.064453	233.922699
2685.262695	202.695145
2684.460938	233.835342
2683.658936	155.861115
2682.856689	277.380951
2682.054443	255.516754
2681.251953	249.238068
2680.449463	239.846832
2679.646729	221.11615
2678.84375	292.690613
2678.040771	245.938721
2677.237549	249.005325
2676.434082	270.742706
2675.630615	342.254364
2674.826904	205.31424
2674.023193	251.929474
2673.219238	248.772736
2672.415039	251.835312
2671.61084	242.462738
2670.806396	261.064911
2670.001953	276.552765
2669.197266	260.967285
2668.392334	177.051834
2667.587402	192.546692
2666.782227	201.825714
2665.977051	214.205688
2665.171387	251.411819
2664.365967	220.332108
2663.560059	214.08551
2662.75415	217.147568
2661.948242	217.106949
2661.14209	204.662537
2660.335693	238.728287
2659.529053	170.488297
2658.722412	179.754013
2657.915771	216.9039
2657.108643	281.922302
2656.301514	182.75058
2655.494385	176.522598
2654.687012	164.104324
2653.879395	173.360794
2653.071533	198.089523
2652.263672	179.485016
2651.455811	194.921371
2650.647461	238.192612
2649.839355	176.291382
2649.030762	216.457642
2648.222168	191.683731
2647.41333	207.103287
2646.604492	173.068832
2645.79541	259.554626
2644.986084	234.791153
2644.176758	154.438919
2643.367188	228.526779
2642.557617	209.958237
2641.747803	169.787338
2640.937744	200.620163
2640.127686	194.410797
2639.317383	178.94783
2638.506836	160.405914
2637.696289	286.826019
2636.885498	243.602249
2636.074707	246.639572
2635.263672	206.521912
2634.452393	255.792618
2633.641113	200.281952
2632.82959	212.567139
2632.017822	194.046646
2631.206055	230.964584
2630.394043	209.368622
2629.582031	249.34819
2628.769775	236.990234
2627.957275	261.563538
2627.144775	203.058289
2626.332031	230.704758
2625.519043	227.585999
2624.706055	212.168747
2623.892822	221.351929
2623.07959	227.457901
2622.266113	258.147003
2621.452393	230.445129
2620.638672	230.401886
2619.824707	248.787323
2619.010498	245.669754
2618.196289	196.498901
2617.381836	245.577515
2616.567383	291.568542
2615.752686	220.936783
2614.937744	233.167252
2614.122803	208.584152
2613.307617	202.411301
2612.492188	245.300964
2611.676758	242.189194
2610.861084	248.273926
2610.04541	211.452881
2609.229492	235.92482
2608.41333	248.134033
2607.596924	220.522141
2606.780762	241.916336
2605.964111	186.761047
2605.147461	223.458939
2604.330566	232.59845
2603.513428	235.61467
2602.696289	214.154892
2601.87915	278.34903
2601.061523	275.238495
2600.243896	238.495193
2599.42627	189.53746
2598.608154	195.614792
2597.790039	180.298477
2596.971924	213.873215
2596.153564	253.544846
2595.334961	195.467682
2594.516357	222.913391
2593.697266	238.136642
2592.878418	201.462326
2592.059326	259.410248
2591.23999	299.028503
2590.42041	231.856018
2589.60083	204.360931
2588.781006	240.917542
2587.961182	225.627136
2587.140869	170.712723
2586.320801	179.824203
2585.500244	131.033646
2584.679688	240.690918
2583.859131	197.999557
2583.038086	176.643265
2582.217285	204.015015
2581.395996	310.531555
2580.574707	228.289032
2579.753174	213.029633
2578.931641	203.861404
2578.109863	258.581421
2577.287842	209.867737
2576.46582	209.828217
2575.643555	270.597015
2574.821045	203.669479
2573.998535	203.631119
2573.175781	206.631454
2572.352783	236.97377
2571.529785	252.116882
2570.706787	239.921463
2569.883301	245.949066
2569.059814	203.401001
2568.236084	218.538986
2567.412354	260.98349
2566.588379	224.524857
2565.764404	263.91864
2564.939941	239.605087
2564.115479	233.495102
2563.291016	312.278717
2562.466309	215.219498
2561.641357	196.994781
2560.816406	272.710571
2559.991211	206.009125
2559.165771	260.491821
2558.340332	224.101837
2557.514648	205.892578
2556.688721	263.371704
2555.862793	287.535522
2555.036621	239.063385
2554.210205	245.069366
2553.383789	269.222931
2552.557373	232.879257
2551.730469	278.192841
2550.903564	281.163605
2550.076416	272.04245
2549.249268	193.415894
2548.421875	314.241516
2547.594238	241.678604
2546.766602	226.530914
2545.938721	241.587357
2545.11084	280.792267
2544.282471	259.608337
2543.454346	331.994476
2542.625732	301.756165
2541.797119	271.529236
2540.968262	277.510803
2540.139404	301.585205
2539.310303	280.421265
2538.480957	265.294708
2537.651611	238.11731
2536.822021	259.167328
2535.992188	280.209412
2535.162354	283.168884
2534.332275	289.139099
2533.502197	252.948898
2532.671875	331.179993
2531.841309	258.873596
2531.010498	234.747955
2530.179688	264.793793
2529.348633	282.794434
2528.517578	267.701569
2527.686279	279.680206
2526.854736	288.647552
2526.023193	261.537384
2525.191406	297.555206
2524.359375	246.413254
2523.527344	288.42926
2522.695068	288.374695
2521.862793	225.250122
2521.030273	294.271149
2520.19751	264.193481
2519.364502	288.156525
2518.531494	258.0914
2517.698242	231.038101
2516.86499	221.994598
2516.031494	266.942963
2515.197754	281.886414
2514.364014	260.84549
2513.530029	245.807831
2512.695801	260.746735
2511.861572	233.728683
2511.0271	263.643982
2510.192383	230.644806
2509.357666	209.63739
2508.522705	263.494232
2507.687744	230.513809
2506.852295	227.477036
2506.01709	239.404144
2505.181396	260.302704
2504.345703	293.158997
2503.509766	242.258987
2502.673828	245.203369
2501.837646	292.992401
2501.001221	236.143005
2500.164795	236.098267
2499.328125	206.173325
2498.491211	221.071518
2497.654297	241.937836
2496.817139	232.933014
2495.979736	244.831879
2495.142334	250.755844
2494.304688	199.969727
2493.466797	208.883987
2492.628906	259.563721
2491.790771	235.651108
2490.952637	214.729904
2490.114258	241.52533
2489.275635	223.592148
2488.436768	241.433716
2487.5979	247.348129
2486.758789	244.321671
2485.919678	202.569778
2485.080322	208.488159
2484.240723	229.293457
2483.401123	288.79541
2482.561279	255.996826
2481.721191	252.972092
2480.881104	309.460052
2480.040771	238.001022
2479.200195	240.930298
2478.359619	264.675629
2477.518799	217.052292
2476.677734	264.575165
2475.83667	276.413696
2474.995361	273.389587
2474.153809	216.887497
2473.312256	199.023331
2472.470459	276.203796
2471.628662	225.672073
2470.786377	276.098907
2469.944336	237.45932
2469.101807	270.058655
2468.259277	210.665085
2467.416504	219.524719
2466.57373	299.564636
2465.730469	266.888062
2464.887451	281.661652
2464.043945	195.643555
2463.200439	287.482086
2462.356689	275.574768
2461.512939	263.671967
2460.668945	254.735718
2459.824707	213.226578
2458.980469	210.225113
2458.135986	201.304092
2457.29126	257.501862
2456.446533	269.289795
2455.601563	236.693268
2454.756348	248.480682
2453.911133	257.30603
2453.065674	221.773361
2452.219971	230.600433
2451.374268	328.099731
2450.52832	251.199738
2449.682129	242.287766
2448.835938	324.958344
2447.989502	206.752319
2447.142822	262.820801
2446.296143	245.055893
2445.449219	236.153503
2444.602051	315.795197
2443.754883	250.817596
2442.907471	194.715408
2442.060059	241.873108
2441.212158	215.285065
2440.364502	244.729568
2439.516357	235.839005
2438.668213	291.795197
2437.819824	241.642929
2436.971191	288.737762
2436.122559	306.357239
2435.273682	259.175995
2434.424805	279.738953
2433.575684	329.73468
2432.726318	259.027893
2431.876709	291.350891
2431.0271	317.776764
2430.177246	270.647156
2429.327393	258.830566
2428.477051	261.721924
2427.626953	232.270691
2426.776367	243.984726
2425.925781	293.901459
2425.074951	329.106903
2424.224121	249.721024
2423.373047	281.9841
2422.521729	346.539368
2421.670166	255.450653
2420.818604	261.273254
2419.966797	246.547943
2419.11499	258.239075
2418.262939	246.453918
2417.410645	281.60791
2416.558105	261.0242
2415.705566	266.838989
2414.852783	299.037201
2414	298.980164
2413.146973	295.992493
2412.293701	234.40477
2411.440186	292.950043
2410.58667	237.244247
2409.733154	286.981476
2408.87915	339.627533
2408.025146	327.853638
2407.170898	254.623413
2406.31665	292.614716
2405.461914	318.88916
2404.607422	289.577972
2403.752441	277.824799
2402.897461	301.163055
2402.042236	295.25882
2401.187012	333.198792
2400.331543	280.534882
2399.47583	312.619781
2398.619873	277.506592
2397.763916	292.056396
2396.907715	312.440643
2396.051514	303.62262
2395.194824	294.807922
2394.338379	271.404938
2393.481445	312.201935
2392.624512	242.129044
2391.767334	326.665924
2390.909912	300.358551
2390.05249	332.372131
2389.194824	326.478638
2388.337158	349.731659
2387.479248	300.128967
2386.621094	326.291412
2385.762695	305.839722
2384.904297	320.342255
2384.045654	291.16452
2383.186768	273.642303
2382.327881	299.78476
2381.46875	302.63739
2380.609619	305.488922
2379.75	317.065948
2378.890381	322.821899
2378.030762	273.3284
2377.170654	319.791168
2376.310791	279.037079
2375.450439	276.077606
2374.590088	276.02478
2373.729492	284.686859
2372.868652	281.727936
2372.007813	325.231873
2371.146729	261.296997
2370.2854	293.177155
2369.423828	261.19696
2368.562256	301.769806
2367.700684	293.008789
2366.838623	246.544342
2365.976563	278.396759
2365.114258	295.739899
2364.251953	278.290131
2363.389404	286.931732
2362.526611	249.20607
2361.663818	283.924622
2360.800781	252.007233
2359.9375	301.192322
2359.073975	272.179352
2358.210449	277.917145
2357.34668	274.969452
2356.48291	353.050995
2355.618652	338.516815
2354.754639	309.524414
2353.890137	286.327484
2353.025635	283.380951
2352.160889	306.455353
2351.295898	338.192444
2350.430908	262.988159
2349.565674	306.279083
2348.700195	254.220673
2347.834717	294.608368
2346.968994	265.674225
2346.103027	308.931427
2345.237061	236.705765
2344.37085	297.268494
2343.504395	302.982574
2342.637939	250.994537
2341.77124	317.288513
2340.904297	279.737091
2340.037354	334.466766
2339.169922	328.637024
2338.302734	239.224884
2337.435059	288.16745
2336.567383	345.734558
2335.699463	339.907043
2334.831543	345.601837
2333.963135	339.77655
2333.094971	299.406586
2332.226318	385.699799
2331.357666	382.747925
2330.48877	376.919922
2329.619629	327.943634
2328.750488	342.261383
2327.881104	350.822418
2327.011475	333.504791
2326.141846	336.315216
2325.271973	356.368164
2324.401855	339.059387
2323.531494	338.994232
2322.661133	321.695404
2321.790771	298.65976
2320.919922	335.927643
2320.049072	338.733704
2319.177979	330.05838
2318.306885	384.515839
2317.435303	329.931519
2316.563721	352.81543
2315.692139	306.861725
2314.820068	335.475861
2313.948242	338.278137
2313.075928	315.283386
2312.203613	286.566132
2311.330811	246.399475
2310.458252	372.39267
2309.585205	349.408966
2308.712158	352.205231
2307.838867	320.645508
2306.965576	346.345001
2306.092041	354.86377
2305.218262	283.26413
2304.344238	306.095245
2303.470215	314.616821
2302.595947	343.152283
2301.72168	397.408203
2300.846924	303.00116
2299.972168	322.948486
2299.097412	348.602936
2298.222168	285.685089
2297.346924	357.037628
2296.47168	414.083893
2295.595947	274.099304
2294.720215	296.883728
2293.844238	319.659363
2292.968262	402.350769
2292.091797	293.859192
2291.215576	442.130127
2290.338867	342.228333
2289.462158	333.608337
2288.585205	276.527985
2287.708008	393.335144
2286.830811	333.415527
2285.953369	344.747894
2285.075684	316.195404
2284.197998	324.678619
2283.319824	327.463562
2282.441895	301.777771
2281.563477	344.415771
2280.685059	369.962128
2279.806396	347.128296
2278.92749	344.216583
2278.048584	238.9142
2277.169434	341.240173
2276.290039	349.703735
2275.410645	332.580841
2274.531006	301.254456
2273.651123	332.452545
2272.77124	295.45639
2271.891113	318.122406
2271.010742	340.779663
2270.130127	337.874634
2269.249512	329.293213
2268.368652	377.478851
2267.487549	357.542542
2266.606445	292.220428
2265.725098	326.202545
2264.843506	334.647552
2263.961914	334.582947
2263.080078	362.867371
2262.197998	340.122467
2261.315674	357.059662
2260.43335	348.490906
2259.550781	351.256348
2258.668213	407.831787
2257.785156	356.783905
2256.9021	404.843201
2256.019043	325.510315
2255.135498	325.447418
2254.251953	381.973175
2253.368164	421.503754
2252.484375	305.460449
2251.600342	302.573639
2250.716064	353.405579
2249.831543	344.857178
2248.947021	310.876709
2248.062256	409.712799
2247.177246	333.357025
2246.292236	330.468048
2245.406982	336.052094
2244.521484	319.0466
2243.635742	350.03653
2242.75	347.146515
2241.864014	389.406128
2240.978027	338.548553
2240.091553	423.103821
2239.205078	349.698181
2238.318604	332.712921
2237.431641	358.020081
2236.544678	318.491669
2235.657471	374.789337
2234.770264	360.62973
2233.882568	405.629944
2232.994873	430.898407
2232.107178	368.867737
2231.218994	385.687805
2230.330811	368.724976
2229.442627	346.140411
2228.553955	385.463867
2227.665283	396.641479
2226.776367	405.002228
2225.887451	399.299866
2224.998047	387.976837
2224.108643	371.036407
2223.219238	410.309265
2222.329346	452.376709
2221.439453	370.820862
2220.549316	435.349243
2219.65918	387.526184
2218.768799	370.605408
2217.878174	395.797241
2216.987305	367.655273
2216.096436	446.151611
2215.205322	418.010742
2214.313965	342.197479
2213.422363	389.805176
2212.530762	381.318176
2211.638916	392.457336
2210.74707	375.564911
2209.85498	400.711731
2208.962402	375.419312
2208.070068	341.733398
2207.177246	462.09079
2206.284424	428.401093
2205.391357	456.312653
2204.498291	372.2565
2203.60498	377.781067
2202.711426	416.877472
2201.817627	427.985779
2200.923828	394.341736
2200.029541	377.487976
2199.135498	410.962708
2198.240967	469.580536
2197.346436	452.721924
2196.45166	463.810211
2195.556641	371.534851
2194.661621	455.251312
2193.766357	407.691956
2192.87085	413.196564
2191.975098	441.029602
2191.079346	424.19928
2190.18335	371.102295
2189.287354	384.978729
2188.390869	457.422119
2187.494385	368.097504
2186.597656	393.118713
2185.700928	432.06781
2184.803955	404.113953
2183.906738	406.821899
2183.009277	367.740143
2182.111816	412.234589
2181.214111	423.293793
2180.316162	398.152954
2179.418213	439.831757
2178.519775	473.144745
2177.621338	367.311554
2176.7229	408.972015
2175.823975	403.329346
2174.925049	411.594055
2174.025879	436.538544
2173.126709	492.052856
2172.227295	466.942413
2171.327637	369.590851
2170.427734	383.410675
2169.527832	469.447815
2168.627686	424.92041
2167.727295	399.84729
2166.82666	463.621582
2165.926025	419.121185
2165.025146	432.915131
2164.124023	413.408997
2163.2229	405.0065
2162.321533	460.397247
2161.419922	454.76178
2160.518311	418.63208
2159.616211	388.060181
2158.714111	460.03891
2157.812012	459.949371
2156.909424	520.805115
2156.006836	423.764191
2155.104004	429.220001
2154.201172	415.293304
2153.297852	429.052856
2152.394531	462.17981
2151.490967	547.866943
2150.587402	450.933929
2149.683594	459.14389
2148.779541	450.75827
2147.875244	467.259552
2146.970947	431.232483
2146.066406	519.589172
2145.161621	442.117371
2144.256592	475.183563
2143.351563	469.56665
2142.446289	452.905426
2141.541016	455.578217
2140.635254	505.179169
2139.729492	518.880676
2138.823486	502.222748
2137.91748	507.6427
2137.010986	499.268524
2136.104492	523.991821
2135.197754	510.103088
2134.291016	537.57135
2133.384033	540.222778
2132.476807	556.651611
2131.569336	559.298157
2130.661865	457.267914
2129.75415	531.539063
2128.846191	583.752869
2127.937988	531.331665
2127.029785	520.218079
2126.121338	487.093292
2125.212646	569.540283
2124.303955	508.910095
2123.39502	536.314087
2122.48584	519.710632
2121.576416	538.853943
2120.666992	508.512848
2119.757324	522.15448
2118.847412	497.3237
2117.937256	464.261292
2117.0271	461.424042
2116.116699	466.826019
2115.206055	557.336304
2114.29541	535.2677
2113.384277	510.463318
2112.473389	499.388031
2111.562012	502.033813
2110.650391	504.678558
2109.73877	510.064514
2108.827148	482.547363
2107.915039	518.088806
2107.00293	520.72821
2106.090576	509.665894
2105.177979	493.128632
2104.265137	413.599274
2103.352295	503.889984
2102.439209	479.149475
2101.525879	531.067566
2100.612549	478.962128
2099.698975	495.286804
2098.785156	506.133362
2097.871094	497.82843
2096.957031	505.935394
2096.042725	530.444702
2095.128174	554.944397
2094.213623	478.306732
2093.298584	505.539612
2092.383545	491.780151
2091.468506	508.073364
2090.552979	480.663513
2089.637451	559.754211
2088.72168	515.965027
2087.805664	502.216858
2086.889648	499.389648
2085.973389	521.118835
2085.056885	477.371429
2084.140137	499.096375
2083.223389	507.178955
2082.306396	553.425659
2081.38916	496.077545
2080.47168	558.659241
2079.554199	490.43396
2078.636475	514.854797
2077.718506	550.160278
2076.800537	574.559814
2075.88208	566.279724
2074.963623	530.783264
2074.045166	446.31485
2073.126221	508.808075
2072.207275	557.674927
2071.288086	563.00531
2070.368652	486.754547
2069.449219	587.253479
2068.529541	549.08313
2067.609619	519.08075
2066.689453	502.675995
2065.769287	540.610291
2064.848877	502.478882
2063.928223	540.398315
2063.007324	556.58252
2062.086426	551.044373
2061.165283	518.368652
2060.243896	515.553528
2059.32251	539.86853
2058.400635	515.351257
2057.47876	520.673828
2056.556885	593.777039
2055.634521	604.503662
2054.712158	577.282532
2053.789551	506.716644
2052.866699	560.800842
2051.943848	576.942688
2051.020508	568.705078
2050.097168	587.54657
2049.173828	563.067688
2048.25	576.489746
2047.326172	543.904663
2046.4021	519.448669
2045.477905	616.724182
2044.553467	559.810669
2043.628906	529.95813
2042.704102	608.250793
2041.779053	581.103271
2040.854004	643.141418
2039.928589	618.699402
2039.003174	551.047485
2038.077393	677.871277
2037.151611	567.03186
2036.225464	588.517395
2035.299316	607.295349
2034.372803	634.16156
2033.446289	588.17041
2032.519409	663.584778
2031.592529	596.03009
2030.665405	679.502502
2029.738037	606.579346
2028.810547	590.287781
2027.882813	665.627441
2026.954956	581.972717
2026.026855	619.571289
2025.098633	605.983093
2024.170166	624.713013
2023.241577	613.821289
2022.312744	629.850525
2021.383789	670.093689
2020.454712	608.07782
2019.525269	629.478821
2018.595825	607.838501
2017.666138	653.432251
2016.736206	677.500061
2015.806152	653.175049
2014.875854	739.044373
2013.945435	666.352417
2013.014771	660.84845
2012.083984	636.545715
2011.153076	690.12677
2010.221802	695.360413
2009.290527	673.74939
2008.359009	665.565491
2007.427246	622.503174
2006.495361	692.130066
2005.563232	649.079407
2004.630981	638.225037
2003.698486	713.1698
2002.765869	667.459717
2001.833008	734.329041
2000.900024	629.683594
1999.966797	629.559509
1999.033447	725.859558
1998.099854	690.903503
1997.166138	693.444702
1996.232178	709.369202
1995.298096	655.702576
1994.36377	668.952393
1993.429321	692.89801
1992.494629	703.460388
1991.559814	748.783508
1990.624756	684.467041
1989.689575	724.429626
1988.75415	718.941406
1987.818604	686.734192
1986.882813	737.358887
1985.946899	777.279358
1985.010742	782.467041
1984.074341	750.272522
1983.137817	734.107605
1982.201172	749.97644
1981.264282	784.518005
1980.327271	744.344604
1979.390015	829.55365
1978.452515	712.048584
1977.514893	810.56189
1976.577148	749.088562
1975.63916	764.932251
1974.700928	802.087585
1973.762573	831.235596
1972.824097	807.098206
1971.885254	788.296631
1970.946411	734.888123
1970.007324	819.930542
1969.067993	822.430176
1968.12854	835.572998
1967.188843	806.141968
1966.249023	792.682678
1965.30896	779.228577
1964.368774	826.935791
1963.428345	805.504944
1962.487793	839.898499
1961.546997	786.584839
1960.606079	892.703552
1959.664917	775.648499
1958.723511	820.64386
1957.781982	847.034363
1956.840332	899.961975
1955.898438	867.933228
1954.956299	910.220886
1954.014038	803.913635
1953.071655	848.849731
1952.129028	877.855225
1951.186157	872.378357
1950.243164	811.230896
1949.299927	808.4198
1948.356567	853.310425
1947.412964	871.68811
1946.469238	964.22998
1945.525269	887.233826
1944.581177	881.762329
1943.636841	905.41449
1942.692383	918.469666
1941.747681	984.446899
1940.802734	928.689392
1939.857666	939.086731
1938.912476	946.835144
1937.967041	941.35907
1937.021362	959.678833
1936.075562	935.699768
1935.129517	983.083008
1934.18335	990.814758
1933.236938	966.843628
1932.290405	961.369812
1931.343628	924.210876
1930.396729	966.268982
1929.449585	997.752197
1928.502319	989.637329
1927.55481	968.33313
1926.607056	1015.624939
1925.65918	1047.07312
1924.711182	991.489807
1923.762939	1083.567871
1922.814453	1020.091553
1921.865845	1022.524658
1920.916992	1030.22644
1919.968018	1053.731079
1919.018799	1029.817871
1918.069336	1103.345459
1917.119873	997.816223
1916.170044	1018.676147
1915.220093	1023.737488
1914.27002	1018.271973
1913.319702	999.655212
1912.369141	1080.991455
1911.418457	1030.814087
1910.467529	1038.496826
1909.516479	1059.319336
1908.565186	1085.389648
1907.61377	1019.485718
1906.662109	1027.164429
1905.710205	1084.743408
1904.758179	1029.382568
1903.80603	1131.570801
1902.853638	1133.971069
1901.901001	1165.23877
1900.948242	1015.445618
1899.995239	1151.659058
1899.042114	1101.596191
1898.088745	1109.244385
1897.135132	1095.914917
1896.181396	1116.66748
1895.227539	1153.136353
1894.273438	1105.742798
1893.319092	1136.959717
1892.364624	1136.733765
1891.409912	1220.305542
1890.455078	1131.045532
1889.5	1185.791138
1888.5448	1206.492432
1887.589355	1219.335571
1886.633667	1229.557373
1885.677856	1153.46167
1884.721924	1192.457886
1883.765625	1213.136841
1882.809326	1246.877563
1881.852661	1170.838623
1880.895996	1175.831665
1879.938965	1170.372925
1878.981812	1232.82605
1878.024536	1282.197388
1877.067017	1255.833496
1876.109253	1250.362793
1875.151367	1153.549805
1874.193237	1294.223633
1873.234863	1194.831543
1872.276489	1111.128662
1871.317749	1181.317139
1870.358887	1230.619507
1869.39978	1227.767822
1868.440552	1193.6427
1867.481201	1216.856201
1866.521484	1286.953369
1865.561646	1247.627319
1864.601685	1312.482056
1863.641479	1226.301392
1862.68103	1241.675659
1861.720459	1228.415527
1860.759766	1248.987183
1859.798706	1287.761353
1858.837646	1347.328247
1857.876221	1256.042236
1856.914673	1292.19165
1855.953003	1338.724487
1854.990967	1273.483887
1854.028931	1301.812744
1853.06665	1392.480103
1852.104126	1376.618164
1851.141357	1363.359375
1850.178467	1331.931152
1849.215454	1388.774048
1848.252197	1359.948486
1847.288696	1299.996826
1846.325073	1362.000366
1845.361206	1390.260132
1844.397095	1379.609863
1843.432861	1322.294434
1842.468506	1270.186279
1841.503906	1290.666382
1840.539063	1287.817749
1839.574097	1323.829956
1838.608887	1346.877075
1837.643433	1403.5802
1836.677856	1356.695923
1835.712158	1276.178589
1834.746094	1314.744995
1833.780029	1392.109497
1832.813599	1368.548096
1831.847046	1339.822998
1830.880371	1360.24353
1829.913452	1326.360352
1828.946289	1398.474976
1827.979004	1390.442261
1827.011475	1462.515015
1826.043823	1364.052368
1825.075806	1405.106567
1824.107788	1311.859375
1823.139526	1414.872681
1822.171021	1399.101685
1821.202393	1447.858276
1820.233521	1359.837402
1819.264404	1413.741943
1818.295166	1428.935181
1817.325684	1408.019165
1816.356079	1358.750488
1815.38623	1402.300659
1814.41626	1383.979614
1813.446045	1414.623535
1812.475586	1404.035767
1811.505005	1426.936279
1810.53418	1462.703369
1809.56311	1377.446777
1808.591919	1433.802612
1807.620605	1428.36853
1806.649048	1474.398926
1805.677246	1435.514771
1804.7052	1471.236816
1803.733032	1468.37085
1802.760742	1483.503296
1801.788208	1465.212524
1800.81543	1457.209229
1799.842407	1510.877319
1798.869385	1392.400635
1797.895996	1412.6698
1796.922485	1486.858276
1795.94873	1453.183594
1794.974854	1463.160278
1794.000732	1491.098022
1793.026367	1447.178833
1792.05188	1410.973267
1791.077148	1518.416016
1790.102295	1495.032471
1789.127197	1489.605225
1788.151978	1509.813599
1787.176392	1509.510986
1786.200806	1524.58252
1785.224854	1485.849731
1784.248779	1562.390869
1783.272583	1551.834595
1782.296143	1587.36731
1781.319458	1494.897827
1780.342529	1461.328003
1779.365601	1486.622314
1778.388306	1506.789917
1777.410889	1491.141602
1776.433228	1501.071289
1775.455444	1557.01709
1774.477417	1485.132202
1773.499146	1546.169922
1772.520752	1494.756958
1771.542114	1537.885742
1770.563354	1619.30896
1769.584229	1550.036743
1768.605103	1521.641724
1767.625732	1495.810547
1766.646118	1536.343384
1765.66626	1602.375488
1764.686279	1530.624634
1763.706055	1675.69751
1762.725708	1547.860229
1761.745117	1588.341553
1760.764404	1623.708618
1759.783325	1653.964355
1758.802246	1628.152466
1757.820801	1658.39502
1756.839233	1568.918701
1755.857544	1637.3573
1754.875488	1693.038696
1753.893433	1623.972534
1752.911011	1595.652344
1751.928467	1679.296509
1750.945679	1709.485596
1749.962769	1650.644653
1748.979614	1683.370117
1747.996216	1721.16687
1747.012695	1606.438477
1746.029053	1662.024658
1745.045044	1664.231323
1744.060913	1661.356445
1743.076538	1638.164307
1742.092041	1693.698975
1741.1073	1711.129761
1740.122437	1720.938721
1739.137329	1735.819092
1738.151978	1730.395508
1737.166382	1763.02478
1736.180664	1772.815063
1735.194824	1759.779785
1734.208618	1716.327393
1733.222412	1723.586182
1732.23584	1713.102539
1731.249146	1753.296509
1730.262207	1760.543091
1729.275146	1709.535767
1728.287842	1724.384521
1727.300293	1729.100586
1726.312622	1845.183838
1725.324707	1824.567505
1724.336548	1712.875854
1723.348267	1833.951172
1722.359741	1800.703735
1721.371094	1752.29834
1720.382202	1782.282104
1719.393066	1855.222046
1718.403809	1821.996704
1717.414307	1857.001099
1716.424561	1780.846313
1715.434692	1929.492798
1714.44458	1825.578735
1713.454224	1860.553833
1712.463745	1938.422485
1711.473145	1816.904785
1710.482178	1917.457397
1709.491089	1919.593262
1708.499756	1883.898926
1707.508301	2007.069946
1706.516602	1951.20459
1705.524658	1948.290771
1704.532593	1995.776367
1703.540283	2106.228027
1702.547852	2118.397705
1701.555176	2049.973633
1700.562256	2082.292725
1699.569092	2124.667969
1698.575806	2104.104492
1697.582397	2179.170654
1696.588623	2269.301758
1695.594727	2293.997314
1694.600708	2384.068604
1693.606323	2438.902832
1692.611816	2579.18457
1691.617188	2691.763428
1690.622192	2791.732422
1689.627197	2982.10376
1688.631836	3287.940674
1687.636353	3500.736328
1686.640625	3720.978027
1685.644775	3911.007568
1684.64856	4228.958008
1683.652344	4368.622559
1682.655762	4427.950195
1681.659058	4289.102051
1680.662231	4230.557129
1679.665039	3898.747803
1678.667725	3692.408447
1677.670166	3466.102295
1676.672485	3330.093262
1675.674561	3101.446533
1674.676514	3000.631592
1673.678101	2849.773193
1672.679565	2741.538574
1671.680908	2663.385742
1670.681885	2632.814941
1669.682861	2567.226318
1668.683472	2569.20874
1667.68396	2453.635986
1666.684204	2645.689941
1665.684204	2520.147461
1664.684082	2574.629639
1663.683716	2456.649414
1662.683228	2538.607178
1661.682495	2473.142334
1660.681519	2610.010986
1659.68042	2452.164795
1658.678955	2549.036133
1657.67749	2585.96167
1656.675659	2530.535156
1655.673706	2607.37085
1654.671509	2596.864502
1653.669189	2733.513428
1652.666626	2742.934082
1651.663818	2772.295654
1650.660889	2886.392334
1649.657593	2905.744141
1648.654297	3054.64917
1647.650635	3059.012451
1646.646851	3225.259521
1645.642822	3374.008789
1644.638672	3490.333496
1643.634277	3800.755615
1642.629639	3911.969482
1641.624878	4187.347656
1640.619873	4447.688965
1639.614624	4707.924316
1638.609131	4918.32373
1637.603516	5168.413574
1636.597778	5440.771484
1635.591675	5737.868652
1634.585449	6332.984375
1633.578979	6681.943359
1632.572388	7274.142578
1631.565552	7776.713867
1630.558472	8502.503906
1629.551147	9180.841797
1628.543701	9595.867188
1627.536011	9926.371094
1626.528198	10484.94336
1625.520142	10549.77441
1624.511841	10436.05859
1623.503296	10079.44922
1622.494629	9755.204102
1621.485718	8967.712891
1620.476685	8361.395508
1619.467285	7767.70752
1618.457764	7310.464844
1617.44812	6984.632324
1616.438232	6658.931641
1615.428101	6241.790039
1614.417725	5899.050781
1613.407227	5833.530273
1612.396484	5518.220215
1611.385498	5430.546875
1610.37439	5439.333496
1609.363037	5420.924805
1608.35144	5555.751465
1607.3396	5458.256836
1606.327637	5716.541504
1605.31543	5974.720703
1604.303101	6282.183105
1603.290527	6530.266113
1602.27771	6568.433105
1601.264648	6505.400391
1600.251465	5980.988281
1599.238037	5671.40918
1598.224487	5310.161621
1597.210571	4892.344727
1596.196533	4634.94873
1595.182373	4301.245117
1594.167847	4090.896484
1593.153198	3976.725342
1592.138428	3837.966309
1591.123291	3726.355469
1590.108032	3691.123779
1589.092529	3486.035889
1588.076904	3662.546631
1587.061035	3597.818115
1586.044922	3565.10083
1585.028564	3640.631836
1584.012085	3716.131592
1582.995361	3845.696045
1581.978394	3864.580322
1580.961304	4028.47168
1579.94397	4194.753418
1578.926392	4272.519531
1577.908691	4465.703613
1576.890625	4526.191406
1575.872559	4780.629395
1574.854126	5091.425781
1573.835571	5264.649414
1572.816772	5589.943359
1571.797729	6005.879395
1570.778564	6505.043945
1569.759155	6641.051758
1568.739502	6713.254883
1567.719604	6802.587891
1566.699585	6568.367188
1565.679321	6368.547363
1564.658936	5757.228027
1563.638306	5339.658691
1562.617432	5010.419434
1561.596313	4593.172363
1560.574951	4198.125977
1559.553467	3940.294189
1558.53186	3875.871338
1557.509888	3713.619141
1556.487793	3507.406982
1555.465454	3455.338135
1554.442871	3281.045898
1553.420166	3238.821777
1552.397217	3211.278076
1551.374023	3049.358643
1550.350586	2926.591553
1549.327026	2972.399658
1548.303223	2864.349365
1547.279297	2929.682617
1546.255005	2811.921143
1545.230591	2818.668457
1544.206055	2737.575928
1543.181152	2807.759766
1542.156128	2736.458008
1541.130859	2752.968018
1540.105347	2674.392578
1539.079712	2712.844971
1538.053833	2641.620117
1537.02771	2665.444824
1536.001465	2660.02832
1534.974976	2613.211914
1533.948242	2678.420898
1532.921265	2660.83252
1531.894165	2745.476563
1530.866821	2681.645996
1529.839233	2785.714355
1528.811401	2712.171631
1527.783447	2662.978271
1526.755249	2749.966064
1525.726807	2790.729736
1524.698242	2853.351074
1523.669434	2787.158691
1522.640381	2752.576172
1521.611084	2805.450439
1520.581665	2802.448242
1519.552002	2901.421631
1518.522095	2847.423584
1517.492065	3004.594482
1516.46167	2979.714844
1515.431274	3017.920898
1514.400513	3177.385254
1513.369507	3276.159668
1512.338379	3256.093262
1511.307007	3446.922363
1510.275513	3584.356201
1509.243774	3598.160645
1508.211792	3694.324219
1507.179565	3623.329346
1506.147095	3646.802734
1505.114502	3619.424561
1504.081665	3560.59082
1503.048584	3247.677979
1502.015381	3169.587646
1500.981934	3272.957031
1499.948242	3134.429688
1498.914307	3046.737793
1497.880249	3041.27832
1496.845947	3006.816406
1495.811401	2982.034668
1494.776611	3075.649902
1493.741699	3219.953857
1492.706543	3354.537842
1491.671143	3472.164551
1490.635498	3529.390869
1489.599731	3692.79126
1488.563721	3875.429199
1487.527466	3877.047119
1486.491089	3999.269287
1485.454468	4017.741943
1484.417603	4021.740234
1483.380493	4245.103027
1482.34314	4268.333496
1481.305664	4171.072266
1480.267944	4440.040039
1479.22998	4347.600586
1478.191895	4563.441895
1477.153564	4620.289063
1476.11499	4965.97168
1475.076172	5294.666016
1474.037231	5712.25293
1472.997925	6117.640137
1471.958618	6809.077148
1470.918945	7363.162598
1469.879028	8123.78125
1468.838989	8578.816406
1467.798706	8915.907227
1466.758301	8909.270508
1465.717529	8960.289063
1464.676636	8249.938477
1463.635498	7602.311523
1462.594116	7106.196777
1461.552612	6391.862793
1460.510864	5924.996582
1459.468872	5400.739746
1458.426636	5188.538086
1457.384277	5307.385742
1456.341553	5145.643555
1455.298706	5453.835938
1454.255737	5642.062012
1453.212402	6048.273926
1452.168945	6207.549316
1451.125244	6110.460449
1450.081299	5651.791504
1449.037231	5071.200195
1447.992798	4615.327148
1446.948242	4157.248047
1445.903442	3713.714355
1444.858521	3516.776611
1443.813354	3341.446289
1442.767822	3223.581055
1441.72229	3091.418945
1440.676392	3095.563477
1439.630371	2949.14209
1438.583984	2924.641113
1437.537598	2978.984131
1436.490845	2997.478271
1435.443848	2889.404053
1434.396729	2814.79834
1433.349365	2881.053467
1432.30188	2854.208984
1431.254028	2856.007324
1430.206055	2824.407715
1429.157837	2835.750977
1428.109375	2808.937256
1427.060669	2810.742676
1426.011841	2843.532715
1424.962769	2845.330078
1423.913452	2980.548096
1422.863892	2853.685547
1421.814209	2867.386719
1420.764282	2988.229736
1419.714111	2892.391113
1418.663696	2915.595703
1417.613037	3062.529053
1416.562256	3088.067627
1415.51123	3004.179688
1414.459961	3039.231934
1413.408447	3200.283691
1412.356812	3261.429199
1411.304932	3248.873291
1410.252808	3238.698486
1409.200439	3133.501221
1408.147949	3325.243896
1407.095093	3079.965332
1406.042114	3141.058838
1404.988892	3202.126953
1403.935547	3234.691162
1402.881836	3141.487305
1401.828003	3069.671875
1400.773926	3123.588379
1399.719604	3331.614014
1398.665161	3193.421631
1397.610352	3209.354248
1396.55542	3331.92041
1395.500244	3338.340332
1394.444946	3411.083984
1393.389282	3474.323975
1392.333496	3544.641357
1391.277466	3605.459961
1390.221191	3659.152588
1389.164673	3710.456543
1388.108032	3752.275635
1387.051147	3843.750244
1385.994019	4069.986084
1384.936646	4239.382324
1383.879028	4385.068848
1382.821289	4606.324707
1381.763306	5040.153809
1380.705078	5218.658203
1379.646606	5262.456543
1378.588013	5443.202148
1377.529053	5352.358887
1376.469971	5228.506348
1375.410645	5026.82373
1374.351074	4806.348633
1373.291382	4677.966309
1372.231445	4455.29541
1371.171265	4374.199707
1370.11084	4363.864258
1369.050171	4205.036621
1367.989258	4157.034668
1366.928223	4222.14502
1365.866943	4162.380859
1364.80542	4206.266602
1363.743652	4236.006348
1362.681763	4409.336914
1361.619629	4457.851074
1360.557129	4447.515625
1359.494629	4790.087891
1358.431763	4871.42334
1357.368652	5192.600098
1356.30542	5236.198242
1355.241943	5449.031738
1354.178223	6028.416992
1353.114258	6436.028809
1352.050171	7012.619629
1350.985718	7826.200195
1349.921143	8723.982422
1348.856323	9893.739258
1347.79126	11579.42578
1346.726074	12607.29395
1345.660522	13709.81934
1344.594849	14279.37207
1343.528931	13727.58984
1342.462769	13035.34082
1341.396484	11768.99414
1340.329834	10521.92383
1339.263062	9441.755859
1338.196045	8821.254883
1337.128784	8357.957031
1336.061279	7897.193359
1334.993652	7897.896484
1333.925781	7774.524902
1332.857666	7660.565918
1331.789307	7808.739746
1330.720703	7622.293457
1329.651855	7826.550293
1328.582886	7778.154297
1327.513672	7603.519531
1326.444092	7576.227539
1325.374512	7488.180664
1324.304565	7288.010742
1323.234375	7520.11377
1322.164063	7429.796387
1321.093506	7430.588379
1320.022705	7422.041016
1318.95166	7604.90332
1317.880493	7673.335449
1316.80896	7790.737305
1315.737305	7859.102051
1314.665405	8062.709961
1313.593262	8191.615234
1312.520874	8294.822266
1311.448364	8491.21875
1310.375488	8890.273438
1309.30249	9116.751953
1308.229248	9473.581055
1307.155762	9720.803711
1306.082031	10065.71582
1305.008179	10445.40234
1303.93396	10494.43359
1302.859619	10822.67969
1301.785034	10608.71973
1300.710205	10455.32324
1299.635254	10132.22852
1298.559937	9695.341797
1297.484497	9088.944336
1296.408813	8533.928711
1295.332886	8065.115234
1294.256714	7422.264648
1293.180298	6802.907227
1292.10376	6418.341309
1291.026855	5980.537598
1289.949829	5742.534668
1288.872559	5574.250977
1287.795044	5359.633301
1286.717285	5124.227051
1285.639404	5067.498535
1284.561157	5089.630859
1283.482788	5063.069824
1282.404175	5073.604004
1281.325317	5176.825195
1280.246216	5305.488281
1279.166992	5267.321777
1278.087402	5488.544922
1277.00769	5452.670898
1275.927734	5650.61377
1274.847534	5772.099121
1273.76709	5951.381348
1272.686523	6257.82666
1271.605591	6737.615234
1270.524536	7184.829102
1269.443237	7354.41748
1268.361694	7933.070801
1267.279907	7952.21582
1266.197876	7888.172852
1265.115601	7810.295898
1264.033203	7309.798828
1262.950562	6952.674316
1261.867554	6614.166504
1260.784424	6208.864258
1259.701172	5863.729492
1258.617554	5546.424316
1257.533691	5452.999512
1256.449707	5059.807129
1255.365479	5042.611328
1254.281006	4963.180664
1253.196289	4803.116211
1252.111328	4585.51123
1251.026123	4826.452637
1249.940796	4712.582031
1248.855103	4630.999023
1247.769287	4565.565918
1246.683228	4596.838867
1245.596924	4598.179688
1244.510376	4588.015625
1243.423584	4690.57666
1242.33667	4563.099609
1241.24939	4598.9375
1240.161987	4811.782715
1239.074341	4918.806641
1237.98645	4924.672852
1236.898315	5109.745117
1235.809937	5469.316406
1234.721436	5695.535156
1233.632568	6128.308594
1232.543579	6531.057617
1231.454346	6860.192871
1230.364868	7182.306641
1229.275146	7169.333496
1228.185181	7218.29541
1227.095093	7120.470215
1226.004639	6924.097168
1224.914063	6940.986816
1223.82312	6751.60791
1222.732056	6367.546875
1221.640747	5981.35498
1220.549194	5453.322754
1219.45752	5035.425293
1218.365479	4654.33252
1217.273315	4408.444336
1216.180786	4231.3125
1215.088135	3807.155029
1213.995239	3879.557129
1212.9021	3734.664063
1211.808716	3729.309082
1210.715088	3673.663086
1209.621338	3622.611328
1208.527222	3560.155518
1207.432983	3728.470215
1206.338501	3711.700195
1205.243774	3946.137939
1204.148804	4077.734863
1203.053589	4111.120605
1201.95813	4270.013672
1200.862427	4499.57373
1199.766602	4665.162109
1198.67041	4759.976563
1197.574097	4781.781738
1196.477539	4808.137207
1195.380737	4729.631348
1194.283691	4744.591797
1193.186401	4602.336914
1192.088867	4284.742676
1190.991211	4185.914551
1189.893188	4023.373047
1188.795044	3801.711182
1187.696655	3712.149658
1186.5979	3440.584229
1185.499023	3278.334473
1184.400024	3211.684082
1183.300659	3001.794189
1182.20105	2971.607178
1181.101196	2902.789551
1180.001221	2922.634033
1178.901001	2853.855225
1177.800415	2862.342773
1176.699707	2789.062744
1175.598755	2715.813232
1174.497559	2774.27002
1173.396118	2687.435059
1172.294434	2700.486572
1171.192627	2693.112793
1170.090454	2724.304199
1168.988159	2807.643555
1167.88562	2838.797607
1166.782715	2956.081543
1165.679688	3018.921143
1164.576416	2963.90332
1163.4729	3226.078857
1162.369141	3216.340576
1161.265259	3405.886963
1160.161011	3468.565186
1159.056641	3694.195801
1157.951904	3745.470947
1156.847046	3984.52417
1155.741943	4010.832275
1154.636475	4186.401367
1153.530884	4092.810547
1152.425049	4137.164551
1151.31897	4021.020508
1150.212769	3812.273438
1149.106201	3583.280029
1147.99939	3507.984375
1146.892456	3319.801514
1145.785278	3282.976563
1144.677734	3234.879883
1143.570068	3189.060059
1142.462158	3251.569824
1141.354004	3248.629395
1140.245605	3414.85376
1139.136963	3540.416992
1138.028076	3805.710449
1136.919067	4057.367432
1135.809692	4450.895996
1134.700073	4767.651855
1133.590332	4937.850586
1132.480347	5427.788574
1131.369995	5300.548828
1130.259521	5342.205566
1129.148804	5172.271973
1128.037842	4889.89502
1126.926636	4486.146484
1125.815186	4168.04248
1124.703491	3712.891357
1123.591675	3471.530029
1122.479492	3196.551025
1121.367188	2944.162354
1120.254517	2954.776611
1119.141724	2769.940186
1118.028564	2643.578125
1116.915283	2663.230713
1115.801758	2604.296631
1114.687988	2480.293945
1113.573975	2538.118164
1112.459717	2515.145996
1111.345215	2561.722168
1110.230469	2650.890381
1109.115601	2704.144775
1108.000366	2822.387939
1106.884888	2886.789795
1105.769287	3112.503418
1104.653442	3317.95874
1103.537231	3626.361084
1102.420898	3898.802734
1101.304321	3931.563477
1100.1875	4051.610107
1099.070313	3873.953613
1097.953003	3515.133301
1096.835449	3214.627197
1095.717773	2994.764404
1094.599731	2810.771973
1093.481445	2714.046387
1092.362915	2574.893555
1091.244263	2650.328369
1090.125244	2772.649658
1089.006104	2906.087646
1087.886597	3119.866455
1086.766968	3317.925293
1085.646973	3620.819092
1084.526855	3970.453369
1083.406494	4326.633789
1082.285889	4680.432129
1081.165039	4871.259277
1080.043945	4896.988281
1078.922607	4717.59375
1077.801025	4319.831055
1076.679199	4087.148926
1075.557129	3798.862793
1074.434814	3762.41748
1073.312378	3725.987305
1072.189575	3598.279297
1071.06665	3731.088867
1069.943359	3690.236328
1068.819946	3602.670654
1067.696167	3550.738281
1066.572266	3309.761963
1065.447998	3131.154541
1064.323608	2912.602295
1063.198975	2844.252197
1062.074097	2775.887695
1060.948975	2707.508789
1059.823486	2639.115234
1058.697876	2534.168945
1057.572021	2569.160645
1056.445923	2668.519287
1055.319702	2661.295166
1054.193115	2927.026123
1053.066284	3137.177979
1051.939209	3455.931641
1050.81189	3881.000488
1049.684448	4489.919922
1048.556641	5227.153809
1047.428589	5893.15332
1046.300415	6550.006836
1045.171875	6896.430176
1044.043213	6622.535645
1042.914185	6282.32373
1041.785034	5643.37207
1040.65564	4851.960938
1039.525879	4224.647949
1038.395996	3739.203857
1037.265869	3320.327881
1036.135376	2937.015137
1035.004761	2759.500732
1033.873901	2573.218994
1032.742798	2477.634277
1031.61145	2401.977539
1030.479858	2355.072998
1029.348022	2350.155518
1028.215942	2325.36499
1027.083618	2221.102051
1025.95105	2176.482666
1024.818237	2323.883789
1023.685181	2325.59668
1022.55188	2389.076172
1021.418396	2450.322998
1020.284607	2632.821045
1019.150635	2733.671875
1018.016357	2887.378418
1016.881897	3281.216064
1015.747131	3421.521484
1014.612183	3837.104736
1013.47699	4422.083008
1012.341492	5033.233398
1011.205811	5655.130371
1010.069885	6314.176758
1008.933716	6713.299805
1007.797302	7074.854492
1006.660645	7024.962402
1005.523743	6629.85498
1004.386597	6048.043945
1003.249207	5470.875488
1002.111572	4748.914063
1000.973694	4156.887695
999.835571	3694.713135
998.697205	3415.015625
997.558594	3172.763672
996.4198	2956.957275
995.280701	2886.095703
994.141357	2633.138916
993.001831	2665.485596
991.862	2557.444092
990.721924	2532.777832
989.581665	2519.083984
988.441101	2505.395996
987.300354	2677.989258
986.159302	2789.160645
985.018066	2733.802979
983.876526	2930.327881
982.734802	3034.804932
981.592773	3395.367676
980.450562	3655.097168
979.308044	3945.35083
978.165344	4585.520508
977.022339	5151.048828
975.87915	6105.589355
974.735657	7029.11377
973.59198	8048.422852
972.448059	8999.548828
971.303833	10004.89258
970.159424	10625.33789
969.014709	10577.20703
967.869812	10170.99414
966.72467	9568.475586
965.579224	8584.253906
964.433594	7755.385254
963.287659	6739.244141
962.141541	5948.202637
960.995117	5495.515625
959.848511	5014.678223
958.70166	4869.739258
957.554504	4687.8125
956.407166	4747.820801
955.259521	4975.542969
954.111694	5486.303223
952.963562	6083.945313
951.815186	6964.347168
950.666626	8225.272461
949.517761	9442.136719
948.368713	10604.08984
947.21936	11360.96289
946.069763	11397.68066
944.919983	10577.72754
943.769897	9584.220703
942.619568	8510.725586
941.469055	7268.205566
940.318237	6660.554688
939.167175	6005.380859
938.015869	5233.227539
936.864319	4606.86084
935.712524	4169.598633
934.560486	3719.502197
933.408203	3577.682373
932.255676	3370.848633
931.102905	3261.693848
929.94989	3189.445068
928.796631	3197.433838
927.643127	3201.084473
926.48938	3070.390137
925.335327	2950.583496
924.181091	2869.813721
923.026611	2663.483398
921.871826	2623.944092
920.716858	2415.589844
919.561584	2306.870605
918.406128	2336.666748
917.250366	2336.166504
916.09436	2337.829102
914.93811	2270.300537
913.781677	2237.388428
912.624939	2280.134521
911.467957	2318.540771
910.31073	2264.035645
909.153259	2218.193115
907.995544	2254.427979
906.837585	2245.309082
905.679321	2244.828125
904.520874	2382.460693
903.362183	2457.464844
902.203186	2538.907959
901.044006	2531.893799
899.884521	2580.943115
898.724792	2770.092773
897.56488	2946.229492
896.404663	3038.253662
895.244202	3302.584473
894.083496	3403.10791
892.922546	3938.575684
891.761353	4340.331055
890.599915	4866.757324
889.438171	5534.991211
888.276245	6241.665527
887.114014	7262.09668
885.951599	8436.93457
884.788879	9200.584961
883.625977	10481.98731
882.462769	10984.81152
881.299316	11023.28027
880.13562	10569.76563
878.97168	9418.388672
877.807434	8432.854492
876.643005	7546.503906
875.478333	6400.808594
874.313354	5654.764648
873.148193	4788.88916
871.982727	4333.099609
870.817017	3881.794922
869.651062	3589.352783
868.484863	3432.090088
867.31842	3247.032715
866.151733	3068.48291
864.984802	3117.097168
863.817566	2940.793457
862.650146	2982.989502
861.482422	3005.898682
860.314453	2945.318604
859.14624	2972.505859
857.977783	3136.61377
856.809082	3351.989746
855.640137	3562.995361
854.470947	3656.30957
853.301453	4038.177002
852.131775	4229.663086
850.961792	4433.887207
849.791565	4494.887207
848.621094	4577.219727
847.450378	4552.745117
846.279419	4220.844238
845.108154	3912.565674
843.936707	3578.810791
842.764954	3232.397705
841.592957	3069.583496
840.420715	2915.369873
839.24823	2724.974609
838.0755	2543.188232
836.902527	2525.590332
835.729248	2384.410645
834.555786	2302.942627
833.382019	2168.261475
832.208008	2221.030762
831.033752	2207.77832
829.859253	2243.487793
828.684509	2066.373047
827.50946	2082.94873
826.334229	2116.534424
825.158691	2124.585205
823.98291	2139.010986
822.806885	2168.310791
821.630554	2127.461914
820.454041	2207.748535
819.277283	2230.641113
818.10022	2255.647705
816.922913	2333.730713
815.745361	2433.010498
814.567566	2523.756836
813.389465	2667.517334
812.211182	2921.542236
811.032593	2961.214844
809.85376	3085.700439
808.674683	3197.4104
807.495361	3249.716309
806.315796	3588.116211
805.135925	3867.039795
803.955811	4400.059082
802.775452	4829.06543
801.594849	4893.666504
800.414001	4824.862793
799.23291	4449.175781
798.051514	3938.214844
796.869873	3512.103271
795.687988	3221.552979
794.505859	2945.931641
793.323486	2909.351074
792.140808	2741.724365
790.957947	2739.018555
789.77478	2630.664307
788.59137	2577.282715
787.407654	2699.225586
786.223755	2812.669189
785.039551	2991.509521
783.855103	3332.796143
782.67041	3752.01416
781.485474	4065.561035
780.300232	4199.679199
779.114807	4308.432129
777.929077	3868.948975
776.743103	3530.837891
775.556824	3117.002686
774.370361	2798.163574
773.183594	2654.30957
771.996582	2563.171387
770.809326	2533.136963
769.621826	2496.799805
768.434021	2439.43042
767.246033	2350.52124
766.057739	2478.347656
764.869141	2366.330566
763.680359	2357.406494
762.491272	2270.693604
761.302002	2347.977295
760.112366	2427.328857
758.922546	2397.387451
757.732483	2390.565918
756.542114	2478.257324
755.351501	2374.831787
754.160645	2485.580566
752.969482	2543.809814
751.778137	2587.324951
750.586487	2756.69751
749.394592	2934.386475
748.202393	3153.938965
747.01001	3648.047852
745.817322	4062.289307
744.62439	4275.166992
743.431213	4272.144531
742.237732	3889.971436
741.044006	3507.963867
739.850037	3264.315918
738.655823	3077.29541
737.461304	2932.2146
736.266602	2929.48584
735.071594	2870.273193
733.876282	2855.009277
732.680786	2887.847656
731.484985	2985.482422
730.28894	3045.450928
729.092651	3145.098389
727.896057	3079.646973
726.69928	3195.954346
725.502136	3299.680664
724.30481	3330.283447
723.107239	3571.709961
721.909363	3681.547363
720.711243	3868.541016
719.512817	4055.452881
718.314209	4252.711914
717.115295	4497.845215
715.916138	4809.584961
714.716675	5100.345215
713.516968	5420.152832
712.317017	5777.323242
711.116821	6155.166992
709.916382	6778.583008
708.715637	7187.275391
707.514648	7876.806641
706.313354	8451.574219
705.111877	9302.824219
703.910095	10295.16113
702.708069	11351.53906
701.505737	12525.97949
700.303162	14259.12988
699.100342	16411.37109
697.897278	19053.08008
696.693909	22628.5293
695.490295	26578.37305
694.286438	31078.88086
693.082275	35863.94141
691.87793	40069.86328
690.673279	43196.88281
689.468323	43482.10156
688.263123	42089.02734
687.057678	38048.16016
685.85199	33413.96094
684.645996	28222.06641
683.439758	23500.83008
682.233276	19581.48633
681.02655	16533.94531
679.819519	14239.58301
678.612244	12449.41406
677.404663	11378.4209
676.196838	10100.9082
674.98877	9221.27832
673.780457	8573.753906
672.571838	8056.827148
671.362976	7678.68457
670.15387	7329.65332
668.944458	7053.123535
667.734802	6979.250977
666.524902	6969.463867
665.314697	6887.377441
664.104248	6945.770508
662.893555	7103.252441
661.682556	7277.180664
660.471313	7601.70459
659.259827	8138.631836
658.048035	8671.198242
656.835999	9440.735352
655.623718	9818.119141
654.411133	10492.22852
653.198303	10551.77734
651.985229	10563.89941
650.771851	10025.88965
649.558228	9337.738281
648.34436	8594.279297
647.130188	7978.806641
645.915771	7328.605957
644.701111	6798.061035
643.486145	6370.632324
642.270935	5799.382813
641.05542	5506.050293
639.839661	5245.74707
638.623657	5053.401855
637.40741	4951.580566
636.190857	4810.757813
634.97406	4637.124023
633.756958	4675.138184
632.539612	4731.618164
631.322021	4861.98877
630.104126	5226.315918
628.885986	5457.083496
627.667603	5907.298828
626.448914	6369.625
625.22998	6413.353027
624.010742	6430.404297
622.791321	6045.635742
621.571533	5675.382324
620.351563	5221.274414
619.131287	4814.48584
617.910706	4530.770996
616.689941	4181.649902
615.468811	3912.528564
614.247498	3752.011963
613.025879	3697.981934
611.804016	3402.544189
610.581848	3352.705078
609.359436	3278.346191
608.13678	3285.806885
606.913818	3260.556152
605.690613	3169.915283
604.467102	3130.397217
603.243347	3188.955322
602.019348	3253.614746
600.795044	3305.993652
599.570496	3337.933838
598.345642	3504.57251
597.120544	3656.853516
595.895203	3680.534424
594.669556	4010.168457
593.443665	4196.905762
592.217468	4414.144531
590.991028	4484.520996
589.764343	4556.904297
588.537354	4454.02832
587.31012	4453.05127
586.082581	4633.334473
584.854797	4721.910156
583.626709	4973.305664
582.398376	5422.013184
581.1698	5728.084473
579.940918	6058.434082
578.711792	6112.020996
577.482422	6212.354492
576.252747	5975.155762
575.022766	5707.571777
573.792542	5283.628418
572.562073	4837.521484
571.331299	4527.706055
570.100281	4315.505371
568.869019	4186.643555
567.637451	4072.047607
566.405579	3858.056641
565.173462	3857.208984
563.941101	3809.703613
562.708435	3798.72583
561.475525	3876.971436
560.242371	4088.981445
559.008911	4116.458008
557.775146	4301.979004
556.541138	4384.095703
555.306885	4445.921387
554.072327	4424.693848
552.837524	4243.532227
551.602417	4005.774658
550.367065	3808.594971
549.131409	3747.059814
547.895508	3475.179443
546.659302	3472.392578
545.422852	3392.773682
544.186157	3434.478027
542.949158	3415.532959
541.711853	3400.637207
540.474365	3519.07666
539.236511	3615.24707
537.998413	3769.933105
536.760071	3914.456787
535.521423	4169.92627
534.282532	4508.01709
533.043396	4872.186035
531.803894	5296.705078
530.564209	5835.981934
529.324219	6219.777832
528.083923	6399.819824
526.843384	6408.48584
525.6026	6177.38623
524.361511	5873.871094
523.120117	5477.849121
521.878479	4961.193359
520.636597	4964.125488
519.394409	4721.520996
518.151917	4853.28125
516.90918	4942.737793
515.666199	5191.042969
514.422913	5575.973633
513.179382	6097.438965
511.935516	6833.735352
510.691437	7404.929199
509.447052	7831.220215
508.202393	8201.082031
506.957458	8042.636719
505.71225	7559.012207
504.466797	7105.709961
503.221039	6373.65918
501.975006	5619.86084
500.728699	4938.608887
499.482117	4528.398438
498.23526	4142.429199
496.988159	4041.284424
495.740753	3892.08374
494.493073	3626.733154
493.245117	3471.679688
491.996887	3364.762695
490.748383	3364.019287
489.499573	3293.207764
488.250519	3194.40625
487.00119	3233.72168
485.751587	3269.018311
484.501709	3254.294434
483.251526	3409.554932
482.001099	3300.839111
480.750366	3394.05542
479.49939	3439.268555
478.248108	3668.274902
476.996582	3835.256104
475.744751	3946.244629
474.492645	4348.694336
473.240265	4898.68457
471.98761	5516.287598
470.73468	6351.106445
469.481476	7345.145996
468.227997	8629.933594
466.974213	9345.862305
465.720184	9710.608398
464.465881	9379.594727
463.211273	8421.035156
461.95639	7263.676758
460.701233	6258.206055
459.445801	5253.180176
458.190094	4728.408203
456.934113	4331.257813
455.677856	3948.213379
454.421326	3726.494873
453.16449	3610.298828
451.907379	3518.018555
450.650024	3447.649902
449.392365	3373.336426
448.13443	3301.043213
446.876221	3310.246338
445.617706	3329.377686
444.358948	3364.388672
443.099884	3250.462402
441.840546	3408.556396
440.580963	3360.166748
439.321045	3339.578613
438.060883	3461.837402
436.800446	3443.218994
435.539703	3448.404053
434.278717	3566.591553
433.017426	3625.263428
431.755859	3773.08374
430.493988	3966.40625
429.231873	4193.315918
427.969482	4511.220703
426.706787	5062.612305
425.443817	5645.430664
424.180573	6469.430176
422.917023	7504.772461
421.653229	8775.053711
420.38913	9481.124023
419.124756	9848.767578
417.860107	9680.527344
416.595184	8700.064453
415.329956	7820.810059
414.064453	6937.994629
412.798676	6154.324707
411.532623	5532.922363
410.266296	5221.744141
408.999664	4983.733398
407.732758	4832.65332
406.465576	4654.02002
405.19812	4741.745605
403.930359	4602.651367
402.662354	4613.45752
401.394043	4679.449707
400.125427	4666.584961
398.856567	4866.512207
397.587402	4979.679199
396.317963	5082.948242
395.048248	5274.772949
393.778229	5537.377441
392.507935	5579.442871
391.237366	5776.931152
389.966522	6178.91748
388.695374	6466.653809
387.423981	7003.982422
386.152252	7495.855957
384.88028	8364.873047
383.608002	9424.107422
382.335449	10370.88867
381.062622	11645.25684
379.78949	12915.12793
378.516083	13636.68848
377.242401	13657.20508
375.968445	13092.92481
374.694183	11883.41992
373.419647	10966.71582
372.144836	10148.47266
370.86972	9332.552734
369.59433	8809.064453
368.318665	8589.569336
367.042694	8466.177734
365.766449	8393.770508
364.489929	8098.133789
363.213104	7757.594238
361.936005	7824.378906
360.65863	7738.477539
359.380951	7578.259766
358.102997	7725.244629
356.824768	8028.628906
355.546234	8535.236328
354.267426	8898.907227
352.988342	9461.774414
351.708954	9838.75293
350.429291	10414.83301
349.149353	10957.45117
347.86911	11062.40723
346.588593	10981.84473
345.30777	10809.57813
344.026672	10621.77637
342.7453	10393.08594
341.463623	9848.50293
340.181671	9300.261719
338.899445	8968.682617
337.616913	8590.46875
336.334106	8378.074219
335.050995	8345.02832
333.767609	8255.504883
332.483948	8273.134766
331.199982	8491.308594
329.915741	8911.836914
328.631195	9209.564453
327.346375	9452.675781
326.061279	9613.973633
324.775879	9714.904297
323.490204	9570.78418
322.204224	9444.224609
320.917969	9309.946289
319.631409	9024.158203
318.344574	8670.501953
317.057465	8588.926758
315.77005	8243.291992
314.482361	8167.672852
313.194366	8024.150879
311.906097	8037.879883
310.617523	7948.774414
309.328674	7857.768066
308.03952	7877.341309
306.750092	7817.412598
305.460388	7751.694824
304.17038	7736.393066
302.880096	7657.158691
301.589508	7512.098145
300.298615	7394.215332
299.007477	7338.344238
297.716003	7253.460449
296.424255	7075.716797
295.132233	7047.041992
293.839905	6937.130859
292.547302	6962.652832
291.254395	6947.557129
289.961212	6729.480957
288.667725	6642.930664
287.373962	6600.862305
286.079895	6375.28125
284.785553	6329.427734
283.490906	6275.870605
282.195984	6038.929199
280.900757	5939.13623
279.605255	5808.51123
278.309448	5704.955078
277.013336	5570.583008
275.716949	5573.189941
274.420288	5527.595215
273.123322	5437.686035
271.82605	5629.179688
270.528503	5606.722656
269.230682	5765.344727
267.932526	5798.71582
266.634125	5918.714844
265.335388	6032.884277
264.036377	6156.625
262.737091	6447.708008
261.4375	6544.367188
260.137634	6729.452637
258.837433	6918.299805
257.536987	6882.142578
256.236206	6965.162109
254.935165	7065.4375
253.63382	6808.344727
252.332184	6824.100098
251.030258	6839.848633
249.728027	6845.990234
248.425522	7080.532715
247.122711	7188.319824
245.819611	7579.996094
244.51622	7662.686523
243.212524	8172.972168
241.908554	8408.867188
240.604279	8512.398438
239.299713	8849.676758
237.994843	8749.973633
236.689697	8679.047852
235.384247	8349.621094
234.078506	8012.683594
232.772461	7670.154297
231.466125	7285.67627
230.159515	7215.15625
228.852585	7047.109863
227.54538	6808.377441
226.237869	6957.89502
224.930069	6803.399902
223.621964	6985.340332
222.313583	7167.198242
221.004898	7108.274414
219.695908	7421.803711
218.386642	7756.194824
217.077072	7958.712891
215.767197	8220.304688
214.457031	8506.584961
213.146576	8609.592773
211.835831	8693.480469
210.52478	8958.482422
209.21344	9368.253906
207.901794	9556.743164
206.589859	9750.863281
205.277634	10251.62402
203.965103	10670.25586
202.652283	10964.91895
201.339157	10970.06055
200.025742	10843.86231
198.712036	10691.0791
197.398026	10281.51563
196.083725	9889.254883
194.769119	9662.621094
193.454224	9504.53418
192.139023	9278.087891
190.823532	9144.863281
189.507736	9496.199219
188.19165	9805.583984
186.875275	10289.54981
185.558594	10889.11816
184.241608	11112.55469
182.924332	11580.71289
181.606766	11739.37793
180.288895	11651.36133
178.970718	11751.14356
177.652252	11507.67773
176.333481	11184.70215
175.01442	11058.98047
173.695053	10740.04004
172.375397	10610.68555
171.055435	10596.92285
169.735184	10586.95313
168.414627	10717.0791
167.093781	11000.45508
165.772614	11372.64063
164.451172	11631.14453
163.12941	11936.81641
161.807373	12178.05566
160.485016	12617.69434
159.162369	12648.86231
157.839417	12666.78711
156.516174	12662.03125
155.192627	12751.71973
153.868774	12639.30469
152.544632	12579.80273
151.220184	12463.7002
149.895447	12742.06348
148.570389	13150.48535
147.245056	13385.18066
145.919403	13895.10645
144.59346	14734.75293
143.267212	15477.88281
141.940659	16105.71387
140.613815	17070.52539
139.286667	17850.29297
137.959213	19187.16406
136.631454	20244.76172
135.303406	21582.36523
133.975052	23231.77734
132.646408	25298.15625
131.317444	27467.06055
129.98819	29950.94727
128.65863	32986.51953
127.328773	36345.93359
125.998611	40511.99609
124.668144	44963.66016
123.337379	49683.82031
122.006317	53768.88672
120.674942	56624.03516
119.343277	57561.12109
118.011299	55813.78906
116.679024	52209.52344
115.346443	47462.49609
114.013565	41761.03906
112.680382	36172.80859
111.346893	30937.69727
110.013107	26017.97656
108.679016	22005.59961
107.34462	19122.89453
106.009918	15997.99609
104.674919	13455.03906
103.339615	11115.4375
102.004005	9441.389648
