3199.361328	101.241943
3198.657471	85.256371
3197.953613	97.672119
3197.249512	126.063278
3196.54541	113.614174
3195.841309	97.61972
3195.136719	101.151428
3194.432373	85.164909
3193.727539	97.567329
3193.022949	113.512581
3192.318115	104.625687
3191.613037	118.790962
3190.907715	90.406792
3190.202637	76.211693
3189.49707	111.639008
3188.791748	85.043068
3188.085938	106.284805
3187.380127	115.121262
3186.674316	97.39286
3185.968262	115.080048
3185.262207	97.357994
3184.555908	122.118156
3183.849365	118.557274
3183.142822	106.15168
3182.436279	86.675011
3181.729492	120.262154
3181.022461	118.472374
3180.31543	79.556747
3179.608398	102.521439
3178.901123	86.597427
3178.193604	100.717735
3177.486084	137.799576
3176.77832	70.653793
3176.070557	105.9617
3175.362549	107.708427
3174.654541	112.985313
3173.946289	127.085701
3173.238037	77.649567
3172.529541	114.689026
3171.821045	114.668472
3171.112305	91.718338
3170.403564	74.066917
3169.69458	102.264549
3168.985596	75.80323
3168.276367	105.752991
3167.567139	107.496262
3166.857666	93.381645
3166.147949	91.603302
3165.438232	95.109451
3164.728516	95.092392
3164.018555	107.399925
3163.30835	126.744392
3162.598145	116.161522
3161.887939	100.303322
3161.177246	75.653847
3160.466797	114.339943
3159.756104	121.354477
3159.045166	109.02359
3158.334229	110.762161
3157.623047	149.4142
3156.911865	112.479919
3156.200439	124.760017
3155.489014	138.792572
3154.777344	93.09729
3154.065674	93.080582
3153.35376	84.284271
3152.641846	119.381279
3151.929688	101.806931
3151.217285	105.298615
3150.504883	108.789032
3149.79248	112.278191
3149.079834	152.600769
3148.366943	129.775055
3147.654053	99.943916
3146.941162	140.246964
3146.228027	133.210693
3145.514648	96.385162
3144.80127	131.410706
3144.087646	133.138931
3143.374023	159.387726
3142.660156	122.583916
3141.946289	110.305702
3141.232178	117.288162
3140.518066	185.527039
3139.803711	115.496086
3139.089355	173.212997
3138.374756	127.69976
3137.660156	124.178818
3136.945313	152.135437
3136.230225	138.12114
3135.515137	132.852158
3134.800049	162.539856
3134.084717	155.520935
3133.369141	174.711212
3132.653564	148.477844
3131.937988	160.676529
3131.221924	174.617004
3130.506104	188.55246
3129.790039	204.228424
3129.07373	169.28714
3128.357422	179.726181
3127.640869	207.607468
3126.924316	191.871552
3126.20752	209.276764
3125.490479	188.315216
3124.773438	198.741409
3124.056396	261.454803
3123.339111	263.150513
3122.621826	287.496826
3121.904297	256.087463
3121.186523	282.16803
3120.46875	271.668488
3119.750732	318.630676
3119.032715	308.128296
3118.314697	330.699677
3117.596436	295.835907
3116.87793	307.961945
3116.159424	318.344025
3115.440674	349.593628
3114.721924	387.787781
3114.00293	335.558594
3113.283691	380.694824
3112.564697	352.817963
3111.845215	316.262604
3111.125732	344.003937
3110.40625	364.786957
3109.686523	430.718445
3108.966553	373.33783
3108.246582	326.394745
3107.526367	388.825836
3106.806152	369.6651
3106.085938	347.040863
3105.365479	303.606049
3104.644775	326.100861
3103.924072	319.105042
3103.203125	320.781494
3102.481934	344.994659
3101.760986	306.799255
3101.039551	261.685547
3100.318115	280.69812
3099.59668	233.87294
3098.875	242.49118
3098.153076	206.080353
3097.431152	257.986847
3096.709229	245.822342
3095.987061	249.239685
3095.264648	221.506439
3094.542236	228.387329
3093.81958	226.616257
3093.096924	200.631638
3092.374023	233.451614
3091.651123	198.830322
3090.927979	259.297119
3090.20459	210.856949
3089.481201	214.274963
3088.757813	172.771225
3088.03418	205.560654
3087.310547	233.156998
3086.586426	202.032944
3085.862549	196.817093
3085.138428	227.852341
3084.414063	195.020218
3083.689697	205.338211
3082.965088	200.125488
3082.240479	210.438828
3081.515625	224.197617
3080.790771	203.465714
3080.065674	208.600906
3079.340332	213.734238
3078.61499	187.845367
3077.889648	210.210983
3077.164063	203.28212
3076.438232	198.078156
3075.712402	163.600235
3074.986572	194.563019
3074.260254	203.135315
3073.53418	240.964478
3072.807617	223.712311
3072.081299	173.775864
3071.354492	168.58374
3070.62793	199.512054
3069.900879	209.793732
3069.173828	146.141357
3068.446777	211.436935
3067.719482	207.961349
3066.991943	204.487015
3066.264404	176.960968
3065.536621	223.308441
3064.808838	223.268082
3064.081055	216.359177
3063.352783	204.302292
3062.624512	221.430511
3061.89624	281.457672
3061.167725	226.498138
3060.439209	200.723419
3059.710449	246.999542
3058.981445	209.225662
3058.252441	205.758514
3057.523438	209.149994
3056.794189	210.826202
3056.064697	215.929245
3055.335205	243.304825
3054.605469	219.277359
3053.875732	246.642395
3053.145752	227.760452
3052.415771	227.719254
3051.685547	255.067886
3050.955078	282.406616
3050.224609	290.911743
3049.494141	292.570038
3048.763428	271.989594
3048.032471	285.622894
3047.301514	249.661057
3046.570313	282.100128
3045.839111	235.895569
3045.10791	281.997986
3044.376221	287.073273
3043.644531	297.272034
3042.912842	307.467133
3042.180908	274.962463
3041.448975	290.280487
3040.716797	338.030151
3039.984375	300.41684
3039.251953	334.494537
3038.519287	298.601746
3037.786621	276.369843
3037.053711	307.021973
3036.320801	303.555603
3035.587646	322.256287
3034.854492	351.17865
3034.121094	308.503998
3033.387451	349.34729
3032.653809	322.022797
3031.920166	308.336334
3031.186279	316.796478
3030.452148	326.956451
3029.718018	299.655762
3028.983643	342.158478
3028.249268	318.26886
3027.514648	321.614471
3026.780029	355.583282
3026.045166	318.095795
3025.310059	306.132965
3024.574951	331.583893
3023.839844	348.524994
3023.104492	333.163483
3022.368896	375.590698
3021.633301	356.831421
3020.897461	297.305573
3020.161621	327.826111
3019.425537	383.809662
3018.689453	349.780731
3017.953125	348.019623
3017.216553	358.140594
3016.47998	313.952545
3015.743408	373.281219
3015.006592	325.713593
3014.269531	391.80307
3013.532471	320.507965
3012.795166	342.491333
3012.057861	355.990723
3011.320313	316.943726
3010.58252	350.777771
3009.844727	325.300018
3009.106934	325.240967
3008.368896	340.424835
3007.630615	352.216461
3006.892334	336.915161
3006.153809	358.859528
3005.415283	308.021576
3004.676514	368.881897
3003.937744	353.588623
3003.19873	301.087769
3002.459717	312.87146
3001.720459	373.686676
3000.980957	341.497711
3000.241455	370.170349
2999.501953	261.945129
2998.761963	361.587555
2998.022217	358.143158
2997.281982	314.162842
2996.541748	322.549469
2995.801514	293.787476
2995.061035	327.496613
2994.320557	361.193512
2993.579834	376.31546
2992.838867	334.066895
2992.0979	360.996582
2991.356689	376.110291
2990.615479	338.943604
2989.874023	337.196014
2989.132568	404.561646
2988.390869	338.758759
2987.648926	342.067291
2986.906982	397.601959
2986.165039	360.471802
2985.422852	375.563507
2984.68042	392.333557
2983.937988	378.793976
2983.195313	417.439178
2982.452637	419.046173
2981.709717	449.256897
2980.966553	457.5867
2980.223389	464.231415
2979.480225	470.873718
2978.736816	538.043457
2977.993164	559.799622
2977.249512	558.016968
2976.505615	539.430237
2975.761719	562.854309
2975.017578	601.38855
2974.273193	629.831482
2973.528809	648.188477
2972.784424	649.749451
2972.039795	795.672241
2971.294922	703.21936
2970.550049	758.466003
2969.804932	783.493652
2969.059814	853.802246
2968.314453	917.37677
2967.568848	885.350464
2966.823242	967.337463
2966.077637	1020.799316
2965.331787	1114.462891
2964.585693	1082.423828
2963.8396	1144.211792
2963.093262	1170.802734
2962.346924	1209.106689
2961.600342	1195.491577
2960.853516	1262.23584
2960.106689	1344.019409
2959.359863	1337.080688
2958.612793	1345.202637
2957.865479	1360.012939
2957.118164	1394.888184
2956.370605	1367.878296
2955.623047	1367.628906
2954.875244	1307.201538
2954.127197	1318.662354
2953.37915	1226.516724
2952.631104	1261.377808
2951.882813	1226.069458
2951.134277	1300.999878
2950.385742	1220.612915
2949.636963	1136.91626
2948.887939	1116.678833
2948.138916	1134.832764
2947.389893	1039.517334
2946.640625	1012.635498
2945.891113	1005.778931
2945.141602	980.580627
2944.391846	907.03833
2943.64209	880.200073
2942.89209	841.704407
2942.14209	864.88092
2941.391846	844.729431
2940.641357	727.967224
2939.890869	769.472473
2939.140137	712.714539
2938.389404	650.982483
2937.638428	682.491272
2936.887451	649.080505
2936.13623	648.961975
2935.38501	630.542786
2934.633545	593.832886
2933.881836	572.104248
2933.130127	586.964905
2932.378174	575.220276
2931.626221	550.182495
2930.874023	523.491882
2930.121826	520.07312
2929.369385	514.994324
2928.616699	519.883118
2927.864014	450.040222
2927.111084	503.089539
2926.358154	454.855927
2925.60498	449.793549
2924.851807	471.284241
2924.098389	419.764496
2923.344971	449.546997
2922.591064	421.269623
2921.837402	452.699158
2921.083496	409.510071
2920.329346	411.092834
2919.575195	409.360352
2918.820801	410.942535
2918.066162	347.911896
2917.311523	405.822998
2916.556885	367.658081
2915.802002	390.772247
2915.046875	370.834656
2914.291748	372.422028
2913.536377	392.212799
2912.780762	352.430573
2912.025146	317.625763
2911.269531	334.107635
2910.513672	368.774139
2909.757568	353.826111
2909.001465	305.821747
2908.245117	289.237915
2907.48877	348.674469
2906.732178	320.523529
2905.975342	312.205475
2905.218506	336.921997
2904.46167	320.347565
2903.704346	313.685028
2902.947266	326.832977
2902.189697	282.213165
2901.432129	344.864075
2900.674561	316.754913
2899.916748	282.058197
2899.158691	328.183044
2898.400635	326.474091
2897.642334	328.062866
2896.884033	290.092896
2896.125488	286.743866
2895.366943	319.644348
2894.608154	306.407013
2893.849121	332.703644
2893.090088	316.175232
2892.330811	304.592194
2891.571533	306.182526
2890.812012	312.709778
2890.05249	312.652466
2889.292725	335.62851
2888.532715	307.603088
2887.772705	330.571594
2887.012451	342.021332
2886.252197	317.298157
2885.491699	343.539673
2884.731201	350.050415
2883.970459	320.409943
2883.209473	239.852692
2882.448486	285.799408
2881.687256	298.884796
2880.926025	318.533081
2880.164551	303.700043
2879.402832	247.839447
2878.641113	293.742554
2877.879395	278.92218
2877.117432	269.028534
2876.355225	259.138458
2875.593018	288.607605
2874.830566	283.636108
2874.067871	283.584076
2873.305176	231.086807
2872.54248	258.900818
2871.779541	235.916931
2871.016357	226.045563
2870.253174	250.569748
2869.489746	273.447479
2868.726074	245.566437
2867.962402	238.974121
2867.19873	234.020721
2866.43457	219.251892
2865.670654	212.667999
2864.90625	224.078201
2864.141846	197.872147
2863.377441	250.156021
2862.612793	225.589478
2861.8479	201.031952
2861.083008	191.190399
2860.317871	200.958115
2859.552734	220.52327
2858.787354	230.281998
2858.021729	192.682861
2857.256104	217.136536
2856.490479	217.096649
2855.724365	213.79274
2854.958496	169.697403
2854.192139	190.874481
2853.425781	198.994934
2852.659424	190.804337
2851.892578	195.660782
2851.125977	193.994614
2850.358887	215.147736
2849.592041	218.367401
2848.824707	188.99971
2848.057373	198.739014
2847.290039	179.157959
2846.522217	184.010254
2845.754639	177.463974
2844.986572	198.592865
2844.218506	183.908752
2843.450439	175.738861
2842.682129	161.064331
2841.913574	195.193573
2841.14502	152.873505
2840.376221	159.349442
2839.607422	165.822983
2838.838379	130.03331
2838.069092	159.26149
2837.299805	190.103729
2836.530273	185.19519
2835.760742	170.543121
2834.990967	222.477219
2834.221191	136.384277
2833.451172	152.592407
2832.680908	163.925491
2831.910645	170.386215
2831.140137	146.018448
2830.369629	157.346451
2829.598877	168.670288
2828.828125	160.531586
2828.056885	158.880783
2827.285889	181.544601
2826.514648	139.374649
2825.743164	200.921768
2824.971436	186.304413
2824.199707	161.973999
2823.427979	148.988632
2822.656006	173.248322
2821.883789	158.646805
2821.111328	166.710312
2820.339111	207.135803
2819.566406	165.030914
2818.793701	194.11824
2818.020752	129.388306
2817.247803	171.407913
2816.474609	185.927139
2815.701416	164.878891
2814.927979	181.010117
2814.154297	211.678162
2813.380615	169.634415
2812.606689	230.983322
2811.832764	187.336533
2811.058594	179.228638
2810.284424	195.339325
2809.509766	216.286301
2808.735352	174.288147
2807.960449	180.70993
2807.185791	225.845749
2806.410645	199.99791
2805.635498	217.699478
2804.860352	193.474945
2804.084717	233.73909
2803.309326	170.839813
2802.533447	228.818649
2801.757568	201.387695
2800.981689	225.512589
2800.205566	225.470978
2799.429199	212.547684
2798.652832	238.267044
2797.876221	194.763458
2797.099365	188.290222
2796.32251	223.653931
2795.545654	233.264984
2794.768311	252.523026
2793.990967	202.624374
2793.213623	226.704453
2792.436035	205.764618
2791.658447	181.618027
2790.880371	162.301178
2790.102539	184.764236
2789.324219	173.485657
2788.545898	186.302032
2787.767578	216.776962
2786.989014	197.471405
2786.210205	168.542007
2785.431396	179.744919
2784.652344	192.548264
2783.873047	179.678497
2783.09375	170.021439
2782.314453	182.819443
2781.534668	182.78566
2780.754883	181.148788
2779.975098	174.704132
2779.195068	168.261856
2778.414795	168.230759
2777.634521	144.171127
2776.854004	150.550888
2776.073486	168.137451
2775.292725	156.899261
2774.511719	147.265945
2773.730713	144.037872
2772.949707	147.211487
2772.168213	155.183395
2771.386719	143.957962
2770.605225	131.137436
2769.823486	135.909988
2769.041504	166.259109
2768.259521	150.244843
2767.477295	175.785904
2766.694824	148.591492
2765.912354	170.928467
2765.129639	167.702499
2764.346924	113.377846
2763.563965	161.25412
2762.781006	158.031708
2761.997803	103.738983
2761.214355	162.760269
2760.430908	148.371597
2759.647217	149.939224
2758.863525	146.721848
2758.07959	157.856232
2757.29541	181.740189
2756.51123	127.513351
2755.726807	145.019577
2754.942383	157.739319
2754.157715	159.303131
2753.372803	140.160797
2752.587891	138.542389
2751.802734	143.293152
2751.017578	151.225861
2750.232178	127.324493
2749.446533	168.673691
2748.660889	154.323746
2747.875	130.435059
2747.089111	141.543533
2746.302979	116.075981
2745.516602	176.466385
2744.730225	122.390923
2743.943604	135.081818
2743.156982	166.834839
2742.370117	141.386169
2741.583252	131.830063
2740.795898	157.213928
2740.008789	136.544357
2739.221191	139.693893
2738.433594	120.622345
2737.645996	152.336807
2736.858154	142.789261
2736.070068	107.865211
2735.281982	122.118828
2734.493652	103.068199
2733.705078	164.878525
2732.916504	169.603165
2732.127686	128.367355
2731.338867	155.279831
2730.549805	110.893578
2729.760742	99.785698
2728.971191	166.278625
2728.181885	145.664703
2727.39209	137.72258
2726.602295	147.193359
2725.8125	144.001175
2725.022461	142.392288
2724.232178	158.18428
2723.441895	147.084061
2722.651367	164.450562
2721.860596	88.533859
2721.069824	134.356796
2720.278809	131.171082
2719.487793	113.765831
2718.696533	192.73407
2717.905273	102.667114
2717.113525	124.756844
2716.322021	135.786011
2715.530029	102.609894
2714.738037	159.41037
2713.946045	108.883873
2713.153809	168.817535
2712.361328	143.547104
2711.568604	126.171799
2710.776123	122.994637
2709.983154	129.278015
2709.190186	127.677719
2708.396973	146.565689
2707.60376	115.024796
2706.810303	118.154182
2706.016602	157.509613
2705.2229	129.133865
2704.428955	155.876526
2703.63501	133.808502
2702.84082	129.061829
2702.046387	114.875137
2701.251953	151.040573
2700.457275	146.293335
2699.662354	127.393074
2698.867432	119.507065
2698.07251	111.623985
2697.277344	127.321976
2696.481934	139.870956
2695.686279	127.274597
2694.890625	124.10891
2694.094727	131.939346
2693.298828	130.344376
2692.502686	138.170715
2691.706543	149.133804
2690.910156	169.510025
2690.113525	136.524323
2689.316895	128.654129
2688.52002	127.061516
2687.7229	128.606232
2686.925781	106.629204
2686.128418	134.829468
2685.331055	155.181763
2684.533447	115.972839
2683.735596	115.951241
2682.937744	137.862274
2682.139648	142.535568
2681.341553	134.678848
2680.543213	140.916718
2679.744629	139.325012
2678.946045	143.994522
2678.147217	136.143356
2677.348389	120.472237
2676.549316	128.271194
2675.75	121.991318
2674.950684	134.47818
2674.151123	139.143341
2673.351318	135.991165
2672.551514	154.719711
2671.751465	140.628052
2670.951416	162.473236
2670.151123	160.880981
2669.35083	163.974304
2668.550049	149.891403
2667.749512	135.813751
2666.948486	138.909988
2666.147461	101.43219
2665.346436	127.936737
2664.544922	146.631836
2663.743652	113.852409
2662.941895	146.577118
2662.140137	91.983368
2661.338135	132.493683
2660.536133	115.325912
2659.733887	154.258575
2658.931641	158.903412
2658.128906	144.855484
2657.326416	133.927383
2656.523438	140.130386
2655.720459	140.104233
2654.91748	168.093689
2654.114258	141.608047
2653.310791	140.025772
2652.50708	101.11084
2651.703369	152.415558
2650.899658	129.062546
2650.095459	133.702484
2649.29126	113.470436
2648.487061	135.206635
2647.682617	161.59613
2646.87793	170.887054
2646.073242	127.364723
2645.268311	150.634995
2644.463135	108.685356
2643.657959	141.264557
2642.852539	102.43647
2642.047119	138.108215
2641.241455	124.119011
2640.435547	97.725449
2639.629639	142.683502
2638.823486	144.207458
2638.01709	161.2341
2637.210693	134.853302
2636.404053	134.828094
2635.597412	127.055588
2634.790527	139.425186
2633.983398	120.812561
2633.17627	154.858932
2632.368896	134.702072
2631.561523	150.156967
2630.753906	128.4608
2629.946045	157.837952
2629.138184	145.43129
2628.330078	133.029266
2627.521729	167.028763
2626.713379	120.609306
2625.904785	160.782318
2625.096191	120.564171
2624.287354	145.268082
2623.478271	132.879974
2622.669189	162.206802
2621.859863	169.899124
2621.050293	162.146088
2620.240723	120.428825
2619.430908	128.124634
2618.621094	123.470497
2617.811035	172.826324
2617.000732	161.994339
2616.19043	140.368805
2615.379883	152.680313
2614.569336	154.193649
2613.758301	127.956764
2612.94751	143.34639
2612.13623	143.319534
2611.324951	124.803299
2610.513672	149.427795
2609.702148	155.560623
2608.890381	187.86969
2608.078369	164.740082
2607.266357	121.607735
2606.454102	143.131638
2605.641846	153.876144
2604.829346	155.385773
2604.016602	121.516586
2603.203857	119.95591
2602.390869	138.38472
2601.577881	129.134857
2600.764648	136.795792
2599.951172	181.335693
2599.137695	167.473602
2598.323975	147.472015
2597.51001	148.98024
2596.696045	204.233566
2595.881836	142.783142
2595.067627	150.431427
2594.253174	112.035049
2593.438477	142.702805
2592.623535	141.141876
2591.808594	141.115387
2590.993652	153.357513
2590.178467	147.195587
2589.363037	164.03096
2588.547363	159.402039
2587.731689	154.774841
2586.915771	139.424423
2586.099854	183.821869
2585.283691	154.687698
2584.467285	169.97139
2583.650879	160.753555
2582.834229	169.907562
2582.017578	116.311264
2581.200684	200.446228
2580.383545	148.39415
2579.566406	162.132217
2578.749023	169.748077
2577.931396	160.542343
2577.11377	184.971176
2576.295898	165.06723
2575.477783	178.78923
2574.659668	154.310425
2573.841309	148.171265
2573.022949	181.742966
2572.204346	158.804337
2571.385498	143.507721
2570.56665	155.691864
2569.747559	193.815201
2568.928223	170.89151
2568.108887	143.399841
2567.289307	166.251541
2566.469727	154.02063
2565.649902	161.615021
2564.829834	184.450378
2564.009521	164.602432
2563.189209	204.190536
2562.368896	169.111099
2561.54834	161.463104
2560.727539	205.598282
2559.906494	193.378296
2559.085449	146.148224
2558.26416	124.811455
2557.442871	164.354889
2556.621338	173.453079
2555.799561	153.644424
2554.977783	176.429688
2554.155762	144.462646
2553.333496	136.833588
2552.51123	115.526611
2551.688721	180.856308
2550.866211	167.146622
2550.043213	157.999786
2549.220459	116.958588
2548.397217	194.388062
2547.573975	176.130997
2546.750732	151.808472
2545.927002	179.100266
2545.103271	197.276703
2544.279541	162.343307
2543.455322	162.312729
2542.631348	183.515335
2541.806885	171.349808
2540.982422	156.156677
2540.157715	160.674652
2539.333008	169.737457
2538.508057	156.068436
2537.682861	134.829834
2536.857666	171.156174
2536.032227	159.008957
2535.206543	169.577576
2534.380859	151.38002
2533.554932	177.081238
2532.729004	115.00544
2531.902832	166.423859
2531.076416	180.006409
2530.249756	125.527016
2529.423096	152.720932
2528.596436	145.133118
2527.769287	194.985855
2526.942139	172.280579
2526.11499	173.759033
2525.287598	137.470337
2524.459961	169.162354
2523.63208	197.822205
2522.804199	169.098526
2521.976074	170.576141
2521.147949	135.831467
2520.31958	169.002823
2519.490967	146.340897
2518.662354	143.296509
2517.833496	158.350449
2517.004395	168.875275
2516.175293	158.29068
2515.345947	168.811523
2514.516357	174.807495
2513.686768	201.894669
2512.856934	191.311798
2512.0271	171.696274
2511.197021	126.489159
2510.366699	174.642517
2509.536133	176.114777
2508.705566	132.437378
2507.875	167.020142
2507.043945	179.023804
2506.212891	147.403519
2505.381836	156.398666
2504.550293	150.354919
2503.71875	135.293854
2502.887207	168.333878
2502.05542	106.69149
2501.223389	148.738892
2500.391113	169.740585
2499.558838	181.723267
2498.726318	163.670181
2497.893799	148.626465
2497.061035	169.612274
2496.228027	189.089432
2495.39502	153.043457
2494.561768	132.012527
2493.728271	158.985016
2492.894775	151.457077
2492.061035	133.436935
2491.227051	163.391846
2490.393066	148.373703
2489.558838	172.320679
2488.724609	161.80098
2487.889893	136.306519
2487.05542	155.749405
2486.220459	170.693008
2485.385498	128.744034
2484.550293	151.170776
2483.715088	178.0784
2482.879639	155.602097
2482.043945	127.150711
2481.208252	164.51683
2480.372314	157.009064
2479.536133	164.454544
2478.699951	177.876236
2477.863525	158.414383
2477.026855	138.959885
2476.190186	168.811752
2475.353271	144.88176
2474.516357	155.307724
2473.678955	161.250565
2472.841797	165.698349
2472.00415	140.29454
2471.166504	159.666733
2470.328613	189.475067
2469.490723	190.930817
2468.652588	140.188248
2467.814209	140.161682
2466.975586	143.11673
2466.136963	132.655991
2465.29834	156.474594
2464.459229	157.934891
2463.620117	180.249985
2462.781006	163.832565
2461.941406	205.496429
2461.101807	142.926941
2460.262207	159.273773
2459.422119	171.149628
2458.582275	160.701355
2457.741943	145.793945
2456.901611	163.615219
2456.061035	179.942612
2455.220215	154.63208
2454.379395	182.847488
2453.53833	157.54599
2452.697266	163.460098
2451.855957	151.543335
2451.014404	158.941757
2450.172607	157.426453
2449.330811	164.820938
2448.489014	176.666397
2447.646729	160.30545
2446.804443	172.147247
2445.961914	139.472153
2445.119385	167.631516
2444.276611	145.351944
2443.433594	197.225891
2442.590576	164.570801
2441.747314	123.034088
2440.903809	198.595627
2440.060303	137.805115
2439.216553	140.741928
2438.372559	140.715195
2437.528564	199.92572
2436.684326	153.987595
2435.840088	156.919083
2434.995361	183.530838
2434.150635	161.298874
2433.305908	184.940628
2432.460938	139.04892
2431.615723	178.954498
2430.770264	189.271255
2429.924805	190.713684
2429.079102	190.677429
2428.233398	165.517929
2427.387207	162.531357
2426.54126	200.909653
2425.694824	174.285522
2424.848389	225.937408
2424.001709	180.124985
2423.155029	175.662277
2422.307861	157.918396
2421.460938	181.497833
2420.613525	193.265808
2419.766113	171.103577
2418.918457	160.747772
2418.070801	185.783188
2417.2229	181.325272
2416.374756	181.290771
2415.526611	157.678223
2414.678223	159.121567
2413.82959	176.768097
2412.980713	159.061005
2412.131836	179.645828
2411.282959	132.500381
2410.433594	179.577438
2409.584229	189.844925
2408.734619	176.566299
2407.88501	179.474899
2407.035156	191.207336
2406.185059	211.75856
2405.334961	163.199478
2404.484619	152.878494
2403.634033	155.788788
2402.783447	171.922791
2401.932617	180.704926
2401.081543	180.670502
2400.230469	174.761734
2399.37915	209.967789
2398.527588	145.33461
2397.676025	139.435944
2396.824219	167.291245
2395.972168	181.931229
2395.120117	154.025314
2394.267822	199.461426
2393.415283	142.235809
2392.562744	170.064011
2391.709961	159.771057
2390.856934	148.016525
2390.003906	146.523071
2389.150635	169.934357
2388.297119	178.689972
2387.443604	149.368042
2386.589844	163.980698
2385.73584	175.660095
2384.881836	196.116364
2384.027588	177.056366
2383.173096	184.33757
2382.318604	171.137939
2381.463867	159.405777
2380.608887	187.156403
2379.753906	128.645477
2378.898682	184.161774
2378.043213	165.12944
2377.187744	165.097916
2376.332031	159.223343
2375.476074	144.588104
2374.620117	189.82692
2373.763916	163.511963
2372.907471	188.294785
2372.051025	175.124496
2371.194336	141.531937
2370.337402	153.175415
2369.480469	151.687637
2368.623291	214.363693
2367.765869	144.339813
2366.908203	148.685333
2366.050537	153.02919
2365.192871	189.428528
2364.334717	141.315811
2363.476563	170.420532
2362.618164	163.10643
2361.759766	170.355408
2360.901123	133.929077
2360.042236	176.112198
2359.18335	189.175278
2358.324219	177.499786
2357.464844	167.283401
2356.605225	175.97757
2355.745605	167.219437
2354.885986	187.540726
2354.025879	175.876663
2353.165771	168.576782
2352.30542	146.75
2351.445068	169.965012
2350.584229	140.884216
2349.723633	155.378632
2348.862549	184.386093
2348.001465	191.608719
2347.140137	149.484268
2346.278809	177.025146
2345.416992	200.203247
2344.555176	159.551773
2343.693359	175.473358
2342.831299	158.040787
2341.968994	165.258728
2341.106445	208.707916
2340.243896	221.709717
2339.381104	179.651917
2338.518066	233.213074
2337.655029	256.340424
2336.791748	244.707565
2335.928223	228.736038
2335.064697	186.717087
2334.200928	191.022751
2333.336914	186.645569
2332.4729	148.998535
2331.608643	177.89621
2330.744141	182.200241
2329.879639	211.080475
2329.014893	224.049347
2328.149902	241.348846
2327.284912	221.073639
2326.419434	180.581116
2325.554199	207.989578
2324.688477	192.064667
2323.822754	199.246948
2322.956787	183.329788
2322.09082	170.305267
2321.224365	167.386642
2320.358154	200.536926
2319.491455	196.171173
2318.624756	171.616852
2317.757813	124.001846
2316.890625	213.357605
2316.023438	203.227386
2315.156006	203.1884
2314.28833	188.741669
2313.420654	197.348465
2312.552734	175.70726
2311.68457	155.514282
2310.816406	162.6828
2309.947998	171.287949
2309.079346	153.985672
2308.210693	194.243698
2307.341797	168.312225
2306.472656	158.211899
2305.603271	143.801392
2304.733887	189.781403
2303.864258	160.995728
2302.994629	148.030151
2302.124756	193.982849
2301.254639	170.959457
2300.384277	201.090149
2299.513916	188.126801
2298.643311	180.911636
2297.772461	165.086044
2296.901611	169.360107
2296.030518	193.722229
2295.159424	202.293228
2294.287842	179.303513
2293.41626	169.229996
2292.544434	203.610535
2291.672607	182.067383
2290.800537	179.165741
2289.928223	167.666916
2289.055908	187.693542
2288.183105	166.169968
2287.310303	163.273575
2286.4375	180.425583
2285.564453	178.959229
2284.691162	193.2388
2283.817627	177.45929
2282.944092	138.792267
2282.070313	171.668762
2281.196289	200.241699
2280.322266	180.182877
2279.447998	150.123505
2278.573486	157.242004
2277.698975	201.516876
2276.824219	164.326126
2275.949219	167.151794
2275.073975	192.830353
2274.19873	179.940369
2273.323242	144.210159
2272.447754	189.863968
2271.571777	176.981949
2270.695801	194.071884
2269.819824	185.474182
2268.943359	206.83522
2268.066895	212.500107
2267.19043	142.590057
2266.313477	161.095749
2265.436523	189.571762
2264.559326	210.911407
2263.682129	193.773163
2262.804688	205.132065
2261.927002	169.486221
2261.049072	192.237244
2260.171143	169.420929
2259.292969	206.397491
2258.414551	187.856689
2257.536133	196.357788
2256.657471	209.123428
2255.778564	196.282135
2254.899658	201.932541
2254.020508	221.79863
2253.141113	160.630859
2252.261719	201.815811
2251.381836	186.146301
2250.502197	194.634552
2249.62207	187.494949
2248.741943	191.719223
2247.861572	190.26239
2246.980957	184.547318
2246.100342	178.834457
2245.219482	198.666626
2244.338379	208.559723
2243.457031	178.730988
2242.575684	214.152176
2241.694092	177.244095
2240.8125	157.362396
2239.930664	195.601974
2239.048584	236.661072
2238.16626	155.854462
2237.283936	161.490723
2236.401367	192.618423
2235.518555	229.398239
2234.635742	193.959839
2233.752686	162.78157
2232.869385	206.621933
2231.98584	176.868179
2231.102295	176.83403
2230.218506	181.043091
2229.334473	199.391769
2228.450439	217.733353
2227.566162	192.246857
2226.681641	175.250046
2225.797119	144.129456
2224.912354	165.29303
2224.027344	217.523148
2223.142334	194.885681
2222.256836	199.083862
2221.371338	173.635345
2220.48584	196.184128
2219.600098	187.679474
2218.714111	179.178101
2217.827881	218.639664
2216.941406	210.135574
2216.054932	197.404648
2215.168213	200.186005
2214.281494	200.147308
2213.394531	204.336258
2212.507324	193.025208
2211.619873	216.935287
2210.732422	208.442932
2209.844727	184.464493
2208.956787	168.942429
2208.068848	188.615875
2207.18042	174.506302
2206.292236	222.311798
2205.403564	168.811737
2204.514893	194.095932
2203.625977	164.527756
2202.736816	196.832718
2201.847656	202.417343
2200.958252	207.999786
2200.068604	206.554382
2199.178711	195.275528
2198.288818	189.619385
2197.398682	183.965408
2196.508545	174.101486
2195.61792	172.664001
2194.727295	210.525085
2193.83667	213.290771
2192.945557	178.175537
2192.054443	197.778625
2191.163086	204.752396
2190.271729	185.082748
2189.379883	214.486176
2188.488037	197.625427
2187.596191	201.791122
2186.703857	191.944641
2185.811523	204.514511
2184.918945	173.663589
2184.026367	219.837906
2183.133545	190.395935
2182.240479	228.150894
2181.347168	194.520416
2180.453857	198.680176
2179.560303	177.658386
2178.666504	198.603149
2177.772461	220.938126
2176.878418	209.710709
2175.984131	180.316238
2175.089844	187.268921
2174.195068	199.807922
2173.300293	191.387238
2172.405518	215.094299
2171.510254	241.585037
2170.61499	192.672058
2169.719482	206.593719
2168.823975	187.014771
2167.927979	174.420227
2167.031982	189.732391
2166.135986	196.669662
2165.239502	211.971542
2164.343018	185.439102
2163.446289	185.403107
2162.549561	209.060654
2161.652344	188.118073
2160.755127	196.44072
2159.85791	183.866241
2158.960205	218.646942
2158.0625	208.857788
2157.164551	200.464539
2156.266602	183.723465
2155.368164	205.952972
2154.469727	190.608627
2153.571289	176.661255
2152.672363	225.30365
2151.773438	221.088409
2150.874268	187.680099
2149.975098	239.071884
2149.075439	214.011139
2148.175781	238.978973
2147.275879	193.09082
2146.375977	209.719757
2145.47583	227.730835
2144.575439	211.026566
2143.674805	206.82135
2142.77417	234.537003
2141.873291	217.841125
2140.972168	209.47525
2140.071045	251.044006
2139.169678	227.421051
2138.268066	169.146179
2137.366211	188.519714
2136.464355	221.744766
2135.562256	216.159088
2134.659912	198.107285
2133.757568	224.385559
2132.854736	214.648117
2131.951904	228.45192
2131.049072	228.407455
2130.145752	240.819168
2129.242432	204.79483
2128.338867	228.274124
2127.435303	226.846481
2126.531494	197.760559
2125.627441	225.375488
2124.723145	230.861221
2123.818848	183.82373
2122.914063	194.84285
2122.009521	226.581604
2121.104492	187.860336
2120.199463	247.209198
2119.294189	245.780258
2118.388672	218.122009
2117.48291	226.361008
2116.577148	206.997177
2115.671143	201.438004
2114.765137	241.402603
2113.858643	237.218048
2112.952148	227.51947
2112.04541	199.90239
2111.138672	209.512009
2110.231689	194.312073
2109.324463	220.452988
2108.416992	242.451004
2107.509277	212.103271
2106.601563	224.455139
2105.693604	213.397324
2104.785645	221.614639
2103.877197	240.838501
2102.96875	221.528214
2102.060303	240.744568
2101.151367	196.684326
2100.242432	213.14772
2099.333252	217.230774
2098.423828	251.55365
2097.514404	195.15654
2096.604736	226.722153
2095.694824	204.697021
2094.784668	195.042313
2093.874512	226.589447
2092.964111	203.204193
2092.053467	237.482864
2091.142578	252.53363
2090.231689	203.08522
2089.320557	223.624512
2088.409424	175.572693
2087.497803	226.279968
2086.586182	220.751282
2085.674316	216.595596
2084.762207	226.14743
2083.850098	205.548416
2082.937744	206.878311
2082.025146	197.24939
2081.112549	195.841339
2080.199463	208.126343
2079.286377	213.561615
2078.373291	216.257309
2077.459717	229.899551
2076.546143	217.540985
2075.632324	240.753006
2074.718262	206.514771
2073.804199	220.148193
2072.889893	252.915863
2071.975342	230.996887
2071.060791	222.752258
2070.145752	204.946655
2069.230713	217.200974
2068.31543	254.03447
2067.400146	230.771118
2066.484619	236.186966
2065.568848	225.220963
2064.652832	238.82399
2063.736572	238.777267
2062.820313	225.088806
2061.903809	214.133499
2060.987305	216.818878
2060.070313	223.593323
2059.15332	238.543732
2058.236084	230.320007
2057.318848	207.111176
2056.401123	261.562897
2055.483398	205.66806
2054.565674	204.266022
2053.647461	249.155762
2052.729248	215.075958
2051.810791	238.170395
2050.89209	239.484467
2049.973145	217.670517
2049.054199	255.712753
2048.13501	274.701385
2047.215698	220.261917
2046.296143	250.125015
2045.376465	248.716904
2044.456543	232.362061
2043.536499	243.18515
2042.616211	221.404526
2041.695801	236.299622
2040.775146	237.611084
2039.85437	240.279541
2038.93335	219.873764
2038.012207	251.041183
2037.09082	227.927841
2036.169312	240.091187
2035.247681	225.126114
2034.325806	193.895905
2033.403687	225.037827
2032.481445	246.67984
2031.55896	212.75351
2030.636353	245.228226
2029.713623	283.108551
2028.790649	239.714737
2027.867432	254.562317
2026.944092	227.436584
2026.02063	220.624344
2025.096924	221.934311
2024.173096	257.068573
2023.249023	259.723572
2022.324707	269.139832
2021.400391	288.017731
2020.475708	248.755203
2019.550903	210.859756
2018.625977	243.251953
2017.700806	278.333679
2016.775513	248.559906
2015.849976	264.718353
2014.924316	237.659592
2013.998413	299.716278
2013.072388	230.8172
2012.146118	290.151764
2011.219727	234.774368
2010.293091	275.198639
2009.366333	292.678284
2008.439331	258.908691
2007.512207	244.027435
2006.584839	254.763107
2005.657349	230.454651
2004.729614	239.841324
2003.801758	224.975433
2002.873657	292.275879
2001.945435	280.098755
2001.01709	276.004608
2000.088379	267.873749
1999.159668	266.47525
1998.230713	251.621567
1997.301514	270.406372
1996.372192	290.528809
1995.442627	286.437317
1994.512939	282.347443
1993.583008	247.341476
1992.652954	315.835938
1991.722778	284.868286
1990.792236	259.286621
1989.861694	312.963165
1988.930908	272.613831
1987.999878	287.329437
1987.068726	268.47934
1986.137329	268.426483
1985.205811	261.664307
1984.274048	264.296021
1983.342163	283.022736
1982.410156	293.695618
1981.477783	299.001038
1980.54541	302.963806
1979.612793	293.522156
1978.679932	280.064148
1977.746948	289.387299
1976.813721	278.614349
1975.880371	270.524109
1974.946777	294.572174
1974.013062	321.288147
1973.079102	309.178894
1972.14502	298.412598
1971.210693	323.774078
1970.276245	303.645569
1969.341553	307.59787
1968.406738	312.885742
1967.47168	322.182037
1966.536499	282.020782
1965.601074	336.754639
1964.665527	308.63089
1963.729736	331.278656
1962.793823	256.423218
1961.857666	319.130524
1960.921265	307.05249
1959.984863	313.66568
1959.048096	317.607269
1958.111206	282.854858
1957.174194	285.46698
1956.236938	257.403076
1955.299561	281.354065
1954.361938	326.626251
1953.424072	338.557953
1952.486084	310.505646
1951.547974	307.779602
1950.609619	282.408661
1949.671021	335.627045
1948.7323	303.602631
1947.793457	336.825867
1946.854248	311.469147
1945.915039	336.692871
1944.975586	344.609619
1944.035889	320.596588
1943.096069	339.153473
1942.156006	309.83197
1941.21582	343.007996
1940.275391	325.660278
1939.334839	333.569733
1938.394043	341.476044
1937.453125	309.526062
1936.511963	363.920105
1935.570679	345.257385
1934.62915	341.206207
1933.687378	322.555328
1932.745605	333.108582
1931.803467	306.505493
1930.861206	343.589722
1929.918823	326.279388
1928.976196	316.932343
1928.033325	320.847137
1927.090332	312.830353
1926.147095	306.142059
1925.203735	335.232117
1924.260254	337.815338
1923.316406	347.02005
1922.372559	332.384766
1921.428345	352.178711
1920.484131	362.698761
1919.539551	317.629486
1918.594849	338.737762
1917.650024	322.795532
1916.704956	329.345001
1915.759766	358.372833
1914.814331	350.369019
1913.868652	351.621552
1912.922852	337.014069
1911.976929	397.730011
1911.03064	339.522827
1910.084351	357.947357
1909.137817	338.06781
1908.19104	365.727509
1907.244141	369.615234
1906.296997	353.704529
1905.349731	365.510223
1904.402222	339.052429
1903.454468	348.218323
1902.506592	398.261749
1901.558594	338.850952
1900.610352	341.420258
1899.661865	383.527435
1898.713257	401.899261
1897.764526	357.026611
1896.81543	346.418396
1895.866333	356.885071
1894.91687	384.464172
1893.967407	363.325592
1893.017578	344.827637
1892.067627	364.497406
1891.117554	367.056335
1890.167236	386.713867
1889.216675	349.814575
1888.265991	361.578674
1887.315186	372.023529
1886.364136	402.178864
1885.412842	374.504028
1884.461426	413.843384
1883.509766	399.312469
1882.557861	404.486298
1881.605957	407.032043
1880.653687	400.387543
1879.701294	404.245514
1878.748779	394.979706
1877.795898	425.076508
1876.843018	392.199493
1875.889893	419.661957
1874.936523	399.910889
1873.983032	381.478546
1873.029297	384.024139
1872.075317	368.223053
1871.121216	419.245453
1870.166992	402.133728
1869.212524	404.673096
1868.257813	403.283325
1867.302979	396.657715
1866.3479	397.887726
1865.3927	391.265778
1864.437256	418.662781
1863.481689	405.498962
1862.525879	456.422607
1861.569824	384.417145
1860.613647	430.095581
1859.657349	424.781982
1858.700806	444.298981
1857.744019	419.387115
1856.787109	434.978607
1855.829956	430.974182
1854.872559	450.474304
1853.915039	409.915375
1852.957397	450.295166
1851.999512	467.169861
1851.041382	440.983246
1850.08313	391.327393
1849.124634	456.457794
1848.166016	427.681061
1847.207153	436.721466
1846.248169	450.971832
1845.28894	460.003967
1844.329468	470.335358
1843.369873	416.834778
1842.410034	438.891754
1841.450073	458.335754
1840.489868	420.491394
1839.529541	437.328125
1838.56897	489.293549
1837.608154	461.873993
1836.647217	464.383606
1835.686035	448.684692
1834.724731	481.102234
1833.763184	457.60611
1832.801514	432.819519
1831.8396	462.621796
1830.877441	491.112915
1829.915161	492.314056
1828.952759	480.527435
1827.98999	480.431671
1827.0271	462.161072
1826.064087	460.770996
1825.10083	463.274536
1824.137451	455.397614
1823.173706	504.599304
1822.209961	474.669739
1821.245972	488.838287
1820.281738	495.222809
1819.317261	465.312897
1818.352661	515.759338
1817.387939	474.196655
1816.422974	480.578888
1815.457764	448.105469
1814.492432	492.040771
1813.526855	508.772217
1812.561035	478.901184
1811.595093	461.982727
1810.629028	463.184357
1809.66272	487.669434
1808.696167	437.133606
1807.72937	522.38678
1806.762573	519.69696
1805.79541	465.307343
1804.828125	502.690063
1803.860596	485.79364
1802.892944	494.738892
1801.925049	515.303894
1800.957031	475.172852
1799.98877	458.295319
1799.020264	494.343811
1798.051636	478.759583
1797.082764	494.146332
1796.11377	543.065369
1795.144531	474.603638
1794.175049	527.375305
1793.205444	497.619049
1792.235718	502.675262
1791.265625	481.956329
1790.29541	489.590393
1789.325073	495.933228
1788.354492	529.31897
1787.383667	481.571106
1786.41272	468.601166
1785.441528	518.704712
1784.470215	514.740479
1783.498657	521.070496
1782.526855	502.957581
1781.554932	505.429138
1780.582764	536.187805
1779.610474	521.939331
1778.637939	535.973267
1777.665161	502.454742
1776.692261	548.606812
1775.719238	502.253723
1774.74585	540.68158
1773.772339	548.277527
1772.798706	532.762634
1771.824829	557.042664
1770.850708	556.931152
1769.876465	565.800598
1768.901978	579.797485
1767.927246	555.31427
1766.952393	601.363098
1765.977295	579.44928
1765.002075	560.107544
1764.026611	554.869568
1763.050903	585.507202
1762.075073	578.985229
1761.099121	578.869202
1760.122803	585.155396
1759.146362	609.361389
1758.1698	554.203003
1757.192993	565.608887
1756.215942	638.421448
1755.23877	590.965088
1754.261353	595.962219
1753.283691	588.170959
1752.305908	584.217957
1751.327881	619.888184
1750.349731	550.759277
1749.371338	574.923401
1748.3927	610.573914
1747.41394	653.872742
1746.434937	698.430969
1745.455811	621.695923
1744.47644	666.242676
1743.496826	658.452576
1742.51709	643.010742
1741.537109	670.944031
1740.557007	675.910645
1739.57666	642.623779
1738.596069	771.248779
1737.615356	735.406982
1736.634399	737.807922
1735.653198	792.442871
1734.671875	829.223083
1733.690308	862.167969
1732.708618	897.646057
1731.726685	914.014893
1730.744507	959.650208
1729.762207	1029.444458
1728.779663	1076.310425
1727.796997	1097.717896
1726.814087	1094.953979
1725.830933	1106.177246
1724.847656	1154.261108
1723.864136	1117.171509
1722.880371	1167.775146
1721.896484	1231.062744
1720.912354	1216.843262
1719.928101	1297.874634
1718.943604	1356.019165
1717.958862	1434.45105
1716.973999	1529.350464
1715.988892	1639.438721
1715.003662	1774.855713
1714.018066	1925.439209
1713.032471	2026.504028
1712.046509	2151.618164
1711.060425	2277.949463
1710.074219	2466.331787
1709.087646	2664.775146
1708.101074	2872.006836
1707.114136	3170.351563
1706.127075	3479.973389
1705.139771	3889.493408
1704.152344	4353.280273
1703.164673	4892.815918
1702.176758	5444.788086
1701.188721	5921.896973
1700.200439	6317.864258
1699.211914	6544.217773
1698.223267	6722.435059
1697.234497	6743.834961
1696.245361	6793.030273
1695.256104	6532.631348
1694.266602	6470.677246
1693.276978	6161.188477
1692.287109	5796.260742
1691.296997	5300.174805
1690.306763	4696.993164
1689.316284	4153.370605
1688.325684	3529.212158
1687.334839	3050.380859
1686.34375	2578.049072
1685.352539	2282.450195
1684.361084	2024.793701
1683.369385	1832.787476
1682.377563	1708.912598
1681.385498	1563.66748
1680.393188	1553.274292
1679.400757	1424.49231
1678.408081	1453.167725
1677.415283	1435.248901
1676.422119	1383.351318
1675.428955	1371.745972
1674.435425	1394.117554
1673.441772	1442.897339
1672.447876	1470.276245
1671.453857	1564.289673
1670.459595	1535.058228
1669.465088	1662.958496
1668.470459	1746.822266
1667.475586	1931.168457
1666.480591	2056.398682
1665.485229	2255.679199
1664.489868	2402.139893
1663.494141	2648.976563
1662.498291	2842.99585
1661.502197	3040.701172
1660.505981	3288.513672
1659.509521	3335.518066
1658.512817	3376.232178
1657.515869	3445.769775
1656.518799	3426.269043
1655.521606	3377.947266
1654.524048	3451.201416
1653.526367	3514.402588
1652.528564	3513.692627
1651.530396	3391.5
1650.532104	3330.71167
1649.533691	3109.705322
1648.535034	2937.602051
1647.536133	2751.802979
1646.536987	2493.512939
1645.53772	2367.920654
1644.538208	2087.301025
1643.538452	2009.355713
1642.538574	1795.178223
1641.538452	1713.573608
1640.538208	1597.012695
1639.53772	1491.74292
1638.536987	1412.747192
1637.536011	1320.045776
1636.534912	1256.099731
1635.533691	1204.663086
1634.532104	1184.449707
1633.530396	1222.893555
1632.528442	1150.2854
1631.526367	1146.310669
1630.524048	1134.854858
1629.521484	1112.182007
1628.518799	1058.353638
1627.515747	1107.99292
1626.512695	1061.663452
1625.509277	1070.169434
1624.505737	1042.550049
1623.501953	1070.981445
1622.498047	1083.215332
1621.493896	1054.365112
1620.489502	1025.526489
1619.484985	1067.62561
1618.480225	1114.683838
1617.47522	1119.43335
1616.470093	1147.808594
1615.464722	1168.71228
1614.459106	1189.607544
1613.453247	1225.407837
1612.447266	1312.138428
1611.441162	1371.503052
1610.434692	1548.838501
1609.428101	1620.549072
1608.421265	1897.085815
1607.414307	2219.438477
1606.407104	2673.210938
1605.399658	3316.640625
1604.39209	4068.977051
1603.384155	4767.675781
1602.376221	5561.57373
1601.36792	6290.680176
1600.359497	6692.253418
1599.35083	6847.045898
1598.342041	6704.407227
1597.332886	6461.484863
1596.32373	6026.687988
1595.314209	5523.962402
1594.304565	5022.678223
1593.294678	4324.791016
1592.284546	3726.188477
1591.274292	3089.473389
1590.263794	2590.325928
1589.253052	2208.874512
1588.242188	1889.403687
1587.231079	1698.634521
1586.219849	1595.700073
1585.208252	1465.620483
1584.196533	1412.195557
1583.18457	1381.0271
1582.172485	1344.931152
1581.160156	1342.188477
1580.147583	1320.929077
1579.134888	1299.678345
1578.121948	1282.138062
1577.108765	1322.591675
1576.095337	1342.059082
1575.081787	1378.78418
1574.067993	1353.84375
1573.054077	1385.620239
1572.039795	1426.011353
1571.025391	1440.508545
1570.010864	1434.055664
1568.995972	1467.021484
1567.980957	1454.408203
1566.96582	1435.643555
1565.950317	1459.971802
1564.934692	1492.905151
1563.918823	1448.303345
1562.902832	1537.817383
1561.886597	1594.084717
1560.870117	1704.43811
1559.853394	1651.222778
1558.836548	1717.266357
1557.819458	1844.733276
1556.802124	1889.821655
1555.784668	1996.316772
1554.766968	2002.051758
1553.749023	2086.376465
1552.730957	2116.645508
1551.712646	2046.246948
1550.694092	2009.012695
1549.675293	1950.93457
1548.656372	1966.484985
1547.637207	1855.699219
1546.617798	1759.673584
1545.598267	1689.432983
1544.578491	1655.993408
1543.558472	1640.950073
1542.53833	1606.308594
1541.517944	1499.405884
1540.497314	1478.279541
1539.47644	1453.488159
1538.455444	1407.894531
1537.434204	1418.623657
1536.41272	1333.895264
1535.391113	1402.139771
1534.369263	1378.612061
1533.347168	1351.424805
1532.324951	1382.940918
1531.302368	1375.323853
1530.279785	1384.821533
1529.256836	1389.427124
1528.233765	1412.3573
1527.210449	1382.75293
1526.18689	1377.585815
1525.163086	1444.460571
1524.13916	1422.192017
1523.11499	1469.502075
1522.090698	1427.713135
1521.06604	1472.562378
1520.04126	1460.064209
1519.016357	1543.913086
1517.991089	1505.800537
1516.965698	1500.617065
1515.940063	1556.37439
1514.914185	1571.897461
1513.888184	1602.033325
1512.861938	1604.142334
1511.835449	1648.872559
1510.808838	1621.750122
1509.781982	1695.673096
1508.754883	1764.69751
1507.727539	1797.190308
1506.700073	1795.606567
1505.672363	1904.705566
1504.644409	1956.606079
1503.616211	2009.700928
1502.587891	2057.911865
1501.559326	2136.485352
1500.53064	2266.058594
1499.501587	2349.41626
1498.472412	2368.368896
1497.442993	2507.529053
1496.413452	2702.47876
1495.383545	2762.616211
1494.353516	2871.27124
1493.323364	2939.842529
1492.292847	2934.38916
1491.262207	2977.450195
1490.231323	3001.092285
1489.200195	3056.244873
1488.168945	3028.954102
1487.137451	3047.723633
1486.105713	3038.618896
1485.07373	2950.781982
1484.041626	2957.44458
1483.009277	2941.098389
1481.976685	3055.501465
1480.94397	3006.462646
1479.911011	3007.057373
1478.877808	3049.99585
1477.84436	3034.856201
1476.810791	3135.81958
1475.776855	3161.777344
1474.74292	3291.685059
1473.708618	3280.133545
1472.674194	3325.378906
1471.639404	3370.605713
1470.604614	3427.892334
1469.569458	3452.549805
1468.53418	3508.588135
1467.498657	3425.785645
1466.462891	3527.667236
1465.42688	3497.985352
1464.390747	3515.364014
1463.35437	3490.520996
1462.317749	3483.776123
1461.281006	3477.033691
1460.244019	3513.687744
1459.206787	3629.865234
1458.169312	3558.032471
1457.131592	3564.530762
1456.09375	3723.984131
1455.055664	3595.580811
1454.017456	3556.318359
1452.978882	3550.77417
1451.940186	3538.011719
1450.901245	3481.940674
1449.862061	3415.065918
1448.822754	3431.202637
1447.783203	3388.413818
1446.743408	3337.227051
1445.703369	3281.253662
1444.663208	3207.277832
1443.622803	3134.533447
1442.582153	3177.132568
1441.54126	2965.115234
1440.500244	3001.727783
1439.458862	2920.681641
1438.417358	2861.272217
1437.375732	2834.285645
1436.33374	2832.503662
1435.291626	2750.358643
1434.249268	2753.391357
1433.206665	2793.590332
1432.16394	2822.984375
1431.120972	2843.976807
1430.077759	2880.537598
1429.034302	2926.666748
1427.990723	2856.59668
1426.946777	2899.119141
1425.90271	2795.560303
1424.858521	2713.589844
1423.813965	2636.439941
1422.769287	2475.566406
1421.724365	2397.300537
1420.679199	2399.199463
1419.633911	2410.663818
1418.588257	2540.479736
1417.54248	2621.235596
1416.49646	2909.893311
1415.450317	3101.654541
1414.403809	3247.944336
1413.357178	3410.893799
1412.310303	3545.119141
1411.263306	3721.071777
1410.215942	3770.435303
1409.168457	3843.644287
1408.120728	3857.169678
1407.072754	3844.810547
1406.024658	3832.448975
1404.976318	3820.084717
1403.927734	3807.717773
1402.878906	3795.348633
1401.829834	3782.976563
1400.78064	3770.602295
1399.731201	3701.933105
1398.681519	3585.657715
1397.631592	3628.971436
1396.581543	3506.806885
1395.53125	3359.699951
1394.480713	3286.425537
1393.429932	3192.95752
1392.378906	3154.239258
1391.327759	3155.967285
1390.276367	3139.861328
1389.224731	3189.137207
1388.172974	3055.378662
1387.12085	3073.759277
1386.068604	2969.777344
1385.016113	2929.971924
1383.963379	2922.243164
1382.910522	2834.976563
1381.857422	2804.718506
1380.803955	2769.726074
1379.750488	2716.951416
1378.696655	2670.12915
1377.6427	2583.003662
1376.588379	2474.571289
1375.533936	2388.707275
1374.47937	2347.916992
1373.424438	2411.420898
1372.369385	2370.642578
1371.314087	2418.717041
1370.258545	2547.299805
1369.202759	2744.500977
1368.146851	2882.43335
1367.090576	3234.522949
1366.03418	3606.58252
1364.977539	4153.574707
1363.920776	4809.15625
1362.863647	5339.118164
1361.806396	6094.677734
1360.748901	6518.953125
1359.691284	6808.328125
1358.633301	6686.402832
1357.575195	6224.311035
1356.516724	5887.603027
1355.45813	5238.116211
1354.399414	4588.897461
1353.340332	3987.159912
1352.281128	3575.665283
1351.22168	3172.599365
1350.161987	2940.741943
1349.102051	2713.69751
1348.041992	2638.852295
1346.981567	2569.932373
1345.921021	2496.325928
1344.860229	2414.501465
1343.799316	2501.184082
1342.738037	2583.119141
1341.676636	2705.060303
1340.61499	2796.338135
1339.553101	2927.601807
1338.490967	3222.402344
1337.428711	3619.451416
1336.366089	4175.154297
1335.303345	4969.393066
1334.240356	6157.244141
1333.177246	7539.769043
1332.11377	9503.572266
1331.050171	11665.17383
1329.986328	13502.76172
1328.922241	14802.73828
1327.85791	15352.85449
1326.793457	14749.6377
1325.728638	13604.28223
1324.663696	12311.50879
1323.598511	10779.87305
1322.533081	9338.040039
1321.467529	7826.421875
1320.401733	6595.724609
1319.335571	5493.34375
1318.269287	4608.294434
1317.202881	3899.419189
1316.136108	3378.327393
1315.069092	3080.049072
1314.001953	2715.128906
1312.93457	2508.455566
1311.866943	2304.209473
1310.799194	2222.743896
1309.731079	2141.26123
1308.662842	2059.761719
1307.59436	1978.245361
1306.525635	1862.042114
1305.456665	1763.427734
1304.387451	1757.216187
1303.318115	1727.62915
1302.248535	1691.042358
1301.178711	1780.65918
1300.108643	1765.103394
1299.03833	1872.186279
1297.967896	1839.102417
1296.897095	1974.143921
1295.826172	2090.453857
1294.755005	2280.233887
1293.683716	2413.932617
1292.612061	2709.715332
1291.540161	3117.333008
1290.46814	3457.154053
1289.395874	4059.126465
1288.323364	4439.402832
1287.250732	5053.73877
1286.177734	5505.880859
1285.104614	5759.823242
1284.031128	5855.282715
1282.95752	5923.92334
1281.883667	5564.164551
1280.809692	5070.716797
1279.735352	4516.968262
1278.660889	3900.630127
1277.586182	3333.397461
1276.51123	2814.076904
1275.436035	2484.476074
1274.360596	2225.915771
1273.285034	2045.324829
1272.209106	1876.427612
1271.133057	1770.328735
1270.056763	1695.631348
1268.980225	1658.121826
1267.903564	1621.788696
1266.826538	1595.916626
1265.74939	1636.199341
1264.671997	1612.655151
1263.59436	1650.597656
1262.516479	1729.11377
1261.438354	1736.869995
1260.359985	1925.460938
1259.281494	2037.480835
1258.202759	2213.184326
1257.123779	2436.312744
1256.044556	2820.345459
1254.965088	3125.473145
1253.885498	3399.213623
1252.805542	3689.04541
1251.725464	3937.093994
1250.645142	4013.795898
1249.564575	4052.291016
1248.483765	4063.012207
1247.40271	4082.979492
1246.321533	4043.977783
1245.23999	4196.861816
1244.158325	4326.570313
1243.076416	4586.779785
1241.994263	4873.448242
1240.911987	5023.721191
1239.829346	4999.581055
1238.746582	5066.647949
1237.663452	4763.202637
1236.5802	4539.503418
1235.496704	4273.211426
1234.412964	4088.924072
1233.329102	3890.875
1232.244873	3752.861816
1231.160522	3604.531738
1230.075806	3441.281006
1228.990967	3357.602295
1227.905884	3165.671143
1226.820679	2989.944336
1225.735107	2824.654297
1224.649292	2681.307129
1223.563354	2386.083984
1222.477173	2262.451416
1221.390747	2077.891113
1220.304077	1925.616577
1219.217163	1819.408081
1218.130005	1694.84668
1217.042725	1609.423218
1215.955078	1567.710449
1214.86731	1493.840088
1213.779297	1485.485962
1212.69104	1474.837891
1211.602539	1473.381348
1210.513794	1399.592041
1209.424927	1376.341431
1208.335693	1271.615967
1207.246338	1218.568481
1206.156738	1177.015015
1205.066895	1114.83374
1203.976807	1087.079712
1202.886475	1023.79657
1201.795898	1017.851379
1200.7052	1025.6604
1199.614258	1067.838623
1198.522949	1051.578125
1197.431519	1044.486572
1196.339844	1151.901001
1195.247925	1118.46106
1194.155884	1222.381226
1193.063477	1278.196777
1191.970947	1299.666748
1190.878052	1311.976929
1189.785034	1300.266357
1188.691772	1327.434692
1187.598267	1268.85791
1186.504517	1278.878174
1185.410522	1254.615112
1184.316406	1233.789185
1183.221924	1115.88855
1182.127319	1098.526123
1181.032471	1053.770508
1179.937378	986.204834
1178.842041	938.067749
1177.74646	891.091797
1176.650635	914.860291
1175.554565	829.132263
1174.458374	835.799988
1173.361816	829.924805
1172.265137	860.524658
1171.168213	785.135376
1170.071045	773.577881
1168.973633	783.667175
1167.875977	777.808838
1166.778076	779.922913
1165.680054	767.237732
1164.581665	771.629211
1163.483154	853.393127
1162.384399	775.856079
1161.285278	779.105469
1160.186035	789.176331
1159.08667	777.641724
1157.986938	784.298584
1156.886963	833.000366
1155.786743	814.646545
1154.686401	850.825989
1153.585815	802.947571
1152.484863	802.779053
1151.383789	813.962891
1150.282471	829.681946
1149.180908	831.777283
1148.079102	876.983398
1146.977173	873.396423
1145.874878	912.904541
1144.772339	913.846619
1143.669678	995.271484
1142.566772	1067.595459
1141.463501	1062.838867
1140.360107	1114.726807
1139.25647	1085.044556
1138.152588	1172.009521
1137.048462	1180.820435
1135.944214	1177.176514
1134.8396	1264.067139
1133.734863	1264.932983
1132.629761	1238.64978
1131.524536	1196.544189
1130.418945	1190.63916
1129.313232	1194.910645
1128.207275	1135.887207
1127.101074	1108.52832
1125.994629	1063.104736
1124.888062	1060.62207
1123.781128	954.246216
1122.67395	981.142639
1121.56665	957.231201
1120.459106	922.044006
1119.351196	875.588257
1118.243164	861.866821
1117.134888	843.639709
1116.026367	811.888672
1114.917603	808.335632
1113.808594	831.835632
1112.699341	818.137573
1111.589844	780.785095
1110.480225	761.471252
1109.370239	765.815735
1108.260132	783.669861
1107.14978	794.762024
1106.039063	800.222107
1104.928223	773.047485
1103.817139	778.509705
1102.705811	791.843018
1101.594238	787.17804
1100.482422	801.628113
1099.370361	800.335144
1098.258179	817.023926
1097.14563	814.604492
1096.032837	851.50354
1094.919922	864.801453
1093.806763	902.797119
1092.693237	922.814453
1091.57959	951.80249
1090.465698	1006.588196
1089.351563	1112.959717
1088.237183	1202.460938
1087.122559	1304.260376
1086.00769	1446.380859
1084.892578	1540.23877
1083.777222	1741.649292
1082.661743	1890.310425
1081.545898	2088.200928
1080.429932	2163.92334
1079.313599	2286.645264
1078.197144	2352.217285
1077.080444	2520.740234
1075.963379	2618.688721
1074.846191	2803.866943
1073.72876	2927.442383
1072.611084	3009.584961
1071.493164	3034.666992
1070.375	2993.781006
1069.256592	3027.796875
1068.138062	2899.768555
1067.019165	2819.834229
1065.900024	2643.873779
1064.780762	2534.991699
1063.661133	2324.553955
1062.541382	2084.065918
1061.421265	1854.8396
1060.301025	1613.436401
1059.180542	1439.068481
1058.059814	1302.695068
1056.938721	1208.752563
1055.817505	1056.877441
1054.696045	993.120972
1053.574341	942.763977
1052.452393	874.601868
1051.330322	842.113647
1050.207886	801.843323
1049.085205	742.661621
1047.96228	773.674133
1046.839233	767.945618
1045.71582	719.935791
1044.592163	732.020874
1043.468384	744.10083
1042.34436	739.495239
1041.219971	752.680176
1040.095459	723.620483
1038.970581	753.4729
1037.845581	792.201233
1036.720337	768.705688
1035.594849	764.100525
1034.469116	836.113159
1033.34314	892.553223
1032.216919	897.913757
1031.090454	1006.471252
1029.963745	1108.326172
1028.836792	1156.896118
1027.709595	1361.809692
1026.582153	1502.329956
1025.45459	1704.866211
1024.32666	1847.470581
1023.198547	1957.881592
1022.070129	1976.299072
1020.941528	2019.074829
1019.812683	2033.041992
1018.683594	1885.368408
1017.55426	1730.009399
1016.424683	1527.131592
1015.294861	1273.446167
1014.164856	1154.818359
1013.034546	965.462219
1011.904053	922.135925
1010.773254	857.824585
1009.642273	814.539429
1008.510986	745.858154
1007.379517	697.091309
1006.247803	656.07666
1005.115845	630.539124
1003.983643	649.17395
1002.851135	602.676453
1001.718506	576.062866
1000.585571	599.110596
999.452393	624.354675
998.31897	577.901733
997.185303	574.47113
996.051392	591.987488
994.917297	551.081665
993.782898	584.022522
992.648315	551.94928
991.513428	591.484619
990.378357	602.371216
989.242981	635.273071
988.107422	594.409973
986.971619	627.299377
985.835571	661.275085
984.699219	693.036194
983.562683	746.780273
982.425903	754.318604
981.288879	847.603516
980.151611	891.388184
979.014099	938.450867
977.876343	1007.466553
976.738342	1090.7323
975.600098	1159.686035
974.461609	1139.67627
973.322876	1132.847412
972.18396	1015.175354
971.044739	978.75
969.905273	874.324829
968.765564	814.912292
967.625671	714.952576
966.485474	687.392395
965.345032	620.384827
964.204407	615.869324
963.063477	568.626587
961.922302	569.600891
960.780945	571.669922
959.639282	573.738037
958.497437	540.775208
957.355286	525.337708
956.212952	520.848938
955.070313	554.65155
953.92749	546.877136
952.784363	509.580872
951.641052	530.244751
950.497437	564.016479
949.353638	543.13269
948.209534	579.072327
947.065247	557.101807
945.920654	558.075134
944.775879	602.723694
943.630798	602.595215
942.485535	627.569458
941.339966	636.165222
940.194214	652.393921
939.048218	695.88385
937.901917	714.273865
936.755432	819.876892
935.608643	864.393127
934.46167	968.829224
933.314392	1243.192627
932.166931	1540.314941
931.019165	1970.180298
929.871155	2439.061279
928.722961	2819.562744
927.574463	2951.74585
926.425781	2935.881348
925.276794	2667.62207
924.127625	2262.42627
922.978149	1855.228394
921.82843	1431.89563
920.678467	1163.098755
919.52832	930.280273
918.377869	824.686829
917.227173	734.346741
916.076233	678.799805
914.92511	626.534058
913.773682	623.143372
912.622009	604.558655
911.470093	605.514587
910.317932	545.7146
909.165527	558.614197
908.012878	560.663696
906.859985	539.943604
905.706848	538.744141
904.553406	565.722961
903.39978	559.100769
902.245911	557.897949
901.091797	543.69873
899.937378	577.150269
898.782776	574.861633
897.62793	581.232849
896.472778	587.601318
895.317383	588.557495
894.161804	613.310059
893.00592	602.36438
891.849854	579.529968
890.693481	603.187561
889.536865	608.462158
888.380005	588.882568
887.2229	546.625305
886.065552	599.430969
884.907959	587.424561
883.750122	574.343628
882.592041	594.728455
881.433716	566.543701
880.275085	609.578308
879.116272	608.369019
877.957214	603.924927
876.797852	622.125061
875.638245	623.069702
874.478455	628.32489
873.318359	654.050537
872.15802	617.282776
870.997437	686.081726
869.836609	632.093628
868.675537	670.715332
867.514221	692.098633
866.352661	690.874146
865.190857	670.283936
864.028748	721.772156
862.866455	703.3349
861.703857	713.936096
860.541077	711.632996
859.377991	665.266296
858.214661	680.166748
857.051086	696.13501
855.887329	643.357117
854.723206	672.212158
853.558899	632.345032
852.394348	625.769104
851.229553	589.148376
850.064453	615.84436
848.89917	613.566772
847.733582	612.36261
846.567749	575.776001
845.401672	600.307861
844.235352	566.954712
843.068787	604.33606
841.901978	578.4953
840.734924	582.655212
839.567566	563.255127
838.400024	589.899048
837.232178	602.616699
836.064148	597.136475
834.895813	591.658569
833.727234	581.904297
832.558411	574.293091
831.389282	568.823547
830.219971	605.046814
829.050415	587.816589
827.880554	604.78656
826.710449	588.632019
825.540161	587.437378
824.369568	554.208008
823.19873	563.697266
822.027588	607.338501
820.856262	602.93927
819.684692	626.281738
818.512817	617.613403
817.340698	594.018372
816.168396	607.751526
814.995789	648.128723
813.822876	601.095276
812.64978	630.801025
811.47644	660.493958
810.302795	702.955078
809.128967	735.814148
807.954834	829.342651
806.780457	937.732361
805.605835	1262.101074
804.430908	1682.084229
803.255798	2563.5354
802.080383	3613.699707
800.904785	4112.648438
799.728882	3762.02832
798.552734	2884.414795
797.376343	1895.610474
796.199646	1351.287476
795.022766	1008.998718
793.845581	879.232422
792.668152	746.337097
791.490479	683.552551
790.312561	652.630676
789.134399	638.697449
787.955994	633.256042
786.777283	640.542969
785.598328	601.174683
784.419128	576.66394
783.239685	652.846252
782.059998	607.143127
780.880005	607.012085
779.699829	563.456787
778.519348	633.222595
777.338623	606.619141
776.157654	645.650574
774.976379	617.99762
773.794922	639.023865
772.613159	645.232422
771.431152	655.668396
770.248901	678.787415
769.066406	725.151978
767.883606	823.281921
766.700623	981.596497
765.517334	1144.068115
764.333801	1245.21228
763.150024	1179.475464
761.965942	1114.822632
760.781677	1032.254639
759.597107	1046.804932
758.412292	1068.734131
757.227234	1038.968872
756.041931	1037.689697
754.856323	1039.573975
753.670471	1038.295044
752.484375	1182.451904
751.298035	1357.102295
750.11145	2214.294922
748.924561	3361.798584
747.737427	2427.089355
746.550049	2698.170898
745.362427	3493.285889
744.174561	4715.283691
742.986389	6249.213379
741.797974	7654.155273
740.609314	8435.941406
739.42041	8086.110352
738.231201	6911.28125
737.041809	5380.699707
735.852112	3972.660156
734.662109	2986.46582
733.471924	2270.608643
732.281433	1766.113159
731.090759	1467.593018
729.89978	1291.999756
728.708496	1112.285156
727.517029	1020.772583
726.325256	949.22821
725.13324	859.887817
723.940979	792.602783
722.748413	796.623779
721.555664	718.901917
720.36261	714.555115
719.16925	675.642456
717.975708	695.394287
716.78186	656.502502
715.58783	647.985535
714.393433	637.379028
713.198853	617.35968
712.003967	665.34845
710.808838	619.183716
709.613464	578.267395
708.417847	642.960754
707.221924	641.776001
706.025757	683.437195
704.829346	691.647156
703.63269	704.031677
702.43573	767.583069
701.238525	865.562195
700.041077	912.348755
698.843384	1037.388794
697.645386	1146.723022
696.447144	1099.530151
695.248657	1012.724731
694.049866	851.922119
692.850891	708.912109
691.651611	677.48938
690.452026	676.30011
689.252258	641.772522
688.052185	649.965942
686.851868	640.452271
685.651306	623.65448
684.450439	605.82312
683.249329	624.424133
682.047974	620.126465
680.846313	584.622986
679.644409	644.817505
678.442261	622.841431
677.239868	640.378784
676.03717	638.160828
674.83429	611.004822
673.631042	652.427795
672.427612	623.203064
671.223877	601.260132
670.019897	637.46698
668.815674	651.860168
667.611145	692.191284
666.406372	670.252258
665.201355	671.143677
663.996033	687.591003
662.790466	724.768433
661.584656	697.658081
660.378601	738.962708
659.172241	720.150391
657.965637	775.935486
656.758789	830.660522
655.551636	862.580444
654.344238	928.650757
653.136597	999.867554
651.92865	1146.596191
650.720459	1531.220703
649.512024	1970.499878
648.303284	2799.465088
647.094299	3906.196289
645.885071	5161.298828
644.675598	6151.282715
643.46582	6778.161621
642.255798	6709.536621
641.045471	5536.87207
639.8349	4156.136719
638.624084	2963.892334
637.413025	2136.509521
636.20166	1643.824829
634.990051	1294.758423
633.778137	1124.285889
632.56604	1035.354736
631.353638	957.803467
630.14093	909.147827
628.927979	887.307739
627.714783	851.052551
626.501343	850.86676
625.287598	902.175049
624.073608	925.660156
622.859314	1012.959595
621.644775	1037.439331
620.429993	1108.212524
619.214966	1158.379517
617.999634	1181.782715
616.784058	1189.751099
615.568176	1222.389771
614.352051	1298.184204
613.135681	1345.171631
611.919006	1471.248901
610.702087	1557.210815
609.484924	1655.458618
608.267456	1681.79187
607.049744	1632.151733
605.831787	1416.274902
604.613525	1216.909302
603.39502	1156.118774
602.176208	1069.714478
600.957153	1123.826172
599.737854	1132.806763
598.51825	1183.80603
597.298401	1201.991943
596.078308	1259.100586
594.85791	1294.674438
593.637268	1331.256714
592.416321	1421.061523
591.195129	1533.346069
589.973694	1626.137207
588.751953	1756.744141
587.529968	1868.881226
586.307739	1975.855469
585.085205	2127.771729
583.862427	2269.398926
582.639343	2518.276611
581.416016	2659.755859
580.192444	2930.913818
578.968567	3191.739014
577.744446	3455.513184
576.52002	3644.645264
575.29541	4024.562256
574.070435	4341.043945
572.845215	4768.592773
571.619751	5276.534668
570.394043	5692.472656
569.16803	6458.958984
567.941711	7148.658203
566.71521	8120.350586
565.488403	9102.825195
564.261292	10635.96973
563.033936	12225.47461
561.806335	14497.51172
560.57843	17130.96094
559.350281	20196.82813
558.121826	23627.66797
556.893127	26306.20898
555.664124	27754.90625
554.434875	27386.80273
553.205383	25085.16602
551.975586	21692.87891
550.745544	18052.0918
549.515259	14730.90625
548.284668	11706.76758
547.053772	9492.332031
545.822632	7702.259766
544.591248	6278.409668
543.359558	5194.153809
542.127625	4396.507813
540.895447	3830.502197
539.662903	3255.617432
538.430176	2822.943115
537.197144	2590.170654
535.963867	2417.299316
534.730286	2174.584473
533.49646	2007.958618
532.262329	1807.981079
531.027954	1695.179321
529.793274	1632.036011
528.55835	1524.383301
527.323181	1448.149292
526.087708	1383.078125
524.85199	1316.012329
523.615967	1260.100464
522.379639	1232.523804
521.143127	1205.969971
519.90625	1167.300049
518.669189	1177.147461
517.431824	1159.714966
516.194153	1087.750977
514.956238	1060.248169
513.718079	1045.881226
512.479614	1058.772095
511.240845	1007.075317
510.001831	1045.190674
508.762573	1038.908691
507.52301	1089.101318
506.283173	1038.451172
505.043091	1061.406128
503.802704	1068.226685
502.562073	1089.149658
501.321136	1077.829224
500.079956	1106.797485
498.83847	1133.739258
497.596741	1121.409546
496.354736	1217.779663
495.112427	1252.728638
493.869873	1353.051025
492.627045	1554.911377
491.383942	1760.704834
490.140533	2231.812012
488.896881	2830.359131
487.652954	3932.085449
486.408752	5631.096191
485.164276	7537.274414
483.919495	8844.101563
482.674469	8847.169922
481.429169	7925.765625
480.183594	6423.712402
478.937744	4803.928711
477.69162	3518.893555
476.44519	2606.495605
475.198517	2131.660889
473.951569	1866.545776
472.704346	1714.798462
471.456818	1570.13208
470.209045	1449.572144
468.960999	1468.281616
467.712646	1407.877197
466.46405	1420.580811
465.215149	1331.1875
463.966003	1390.933838
462.716553	1389.626099
461.466858	1452.333496
460.216858	1459.012695
458.966583	1517.677734
457.716064	1572.318481
456.46524	1622.937622
455.214142	1866.365356
453.962769	1994.811401
452.711121	2257.02417
451.459198	2664.89624
450.207001	3214.338135
448.954529	3951.164795
447.701752	4790.438965
446.44873	5649.292969
445.195404	6433.961914
443.941833	6951.050781
442.687958	6697.29248
441.433807	5956.261719
440.179413	4935.547852
438.924713	3912.297119
437.669739	3173.369141
436.41449	2660.817871
435.158936	2312.766357
433.903137	2017.623535
432.647034	1842.029663
431.390686	1757.05249
430.134033	1640.281982
428.877106	1649.863647
427.619904	1634.584106
426.362427	1640.186401
425.104675	1623.921753
423.846649	1573.881348
422.588318	1552.671509
421.329742	1539.416138
420.070862	1470.561401
418.811707	1442.438965
417.552277	1404.403809
416.292572	1344.555054
415.032593	1279.772339
413.772308	1322.138184
412.511749	1281.188232
411.250946	1340.388794
409.989838	1316.302979
408.728424	1333.848511
407.466766	1379.127197
406.204834	1400.613037
404.942596	1450.808228
403.680084	1488.109985
402.417297	1570.929077
401.154236	1596.311523
399.890869	1821.548218
398.627258	2004.148682
397.363342	2228.205566
396.099152	2463.039551
394.834686	2823.315674
393.569946	3159.711426
392.304901	3464.337891
391.039581	3551.491455
389.773987	3523.047852
388.508118	3373.158936
387.241974	3176.936279
385.975525	2918.618408
384.708801	2613.048584
383.441803	2521.702393
382.17453	2401.792236
380.906952	2392.383057
379.639099	2458.894287
378.370972	2509.604492
377.10257	2644.058105
375.833862	2832.641357
374.564911	2917.710693
373.295654	3118.951904
372.026093	3198.011719
370.756287	3228.800781
369.486176	3259.576172
368.21579	3341.503174
366.945129	3362.4021
365.674164	3348.868164
364.402954	3349.106445
363.131409	3227.442627
361.859619	2969.215576
360.587524	2798.558105
359.315186	2504.191162
358.042511	2204.062012
356.769592	1990.480957
355.496368	1833.937134
354.22287	1734.392578
352.949097	1610.359009
351.675018	1604.11377
350.400665	1568.444458
349.126038	1566.133667
347.851105	1545.195313
346.575897	1540.930176
345.300415	1562.147217
344.024658	1501.051514
342.748596	1567.328491
341.47226	1490.588989
340.195618	1529.422485
338.918701	1544.744385
337.64151	1540.485107
336.364044	1562.646973
335.086273	1499.689209
333.808228	1567.818481
332.529877	1625.161011
331.251282	1609.156738
329.972351	1649.848511
328.693176	1736.449585
327.413696	1772.209717
326.133942	1827.48877
324.853882	1860.282959
323.573547	1965.309082
322.292938	2114.212402
321.012024	2203.520752
319.730835	2405.965088
318.449371	2453.224365
317.167603	2597.984375
315.885559	2720.254639
314.60321	2729.39502
313.320587	2757.047852
312.037689	2724.278564
310.754486	2640.868896
309.471008	2630.539795
308.187225	2488.766357
306.903198	2376.260254
305.618835	2249.205322
304.334198	2250.648926
303.049286	2109.086182
301.764099	2048.312988
300.478607	2039.103638
299.19281	2014.343506
297.906769	1964.323364
296.620392	1936.675415
295.333771	1948.872192
294.046844	1955.235474
292.759613	1895.56189
291.472107	1913.584473
290.184326	1892.772705
288.89624	1888.467407
287.607849	1860.878784
286.319214	1899.262451
285.030273	1878.472046
283.741028	1860.599365
282.451508	1878.600586
281.161682	1893.686279
279.871582	1874.852905
278.581207	1887.026245
277.290527	1855.612305
275.999542	1906.514893
274.708282	1876.078369
273.416748	1865.979858
272.124908	1886.849487
270.832794	1869.980957
269.540375	1902.446289
268.24765	1915.557495
266.954681	1880.325317
265.661377	1938.862427
264.367798	1868.853271
263.073944	1899.349487
261.779785	1868.981445
260.485352	1958.369263
259.190613	1958.895752
257.895599	1996.100586
256.600281	1996.61792
255.304672	2012.571777
254.008774	2063.243408
252.712585	2138.001221
251.416107	2201.155518
250.119339	2266.209229
248.822281	2234.861816
247.524933	2355.761475
246.22728	2484.312988
244.929352	2598.36084
243.631119	2675.768799
242.332611	2827.264648
241.033798	3021.039063
239.734695	3360.019043
238.435303	3565.130127
237.13562	3739.372314
235.835648	3912.574219
234.535385	4121.267578
233.234818	4191.465332
231.933975	4183.797363
230.632828	4232.813477
229.33139	4308.700684
228.029663	4410.480469
226.727646	4580.377441
225.425323	4635.978027
224.122726	4572.561035
222.819824	4585.924316
221.516632	4459.240234
220.213135	4277.952148
218.909363	4175.362305
217.605286	4033.518799
216.300919	3788.23999
214.996262	3549.778076
213.691315	3396.675293
212.386063	3363.350342
211.080521	3280.252197
209.774689	3166.559326
208.468567	3095.983887
207.16214	3072.32373
205.855423	3100.330078
204.548416	3072.85376
203.241119	3146.74292
201.933517	3210.083252
200.625626	3187.378662
199.317429	3329.033447
198.008957	3345.479248
196.70018	3335.175049
195.391098	3457.602783
194.081741	3538.924561
192.772079	3624.027588
191.462112	3702.412109
190.151871	3805.56543
188.841324	3846.675293
187.530472	3846.761963
186.219345	3889.75
184.907898	3882.201172
183.596176	3914.678955
182.284149	3926.181885
180.971832	3886.243652
179.65921	3982.501709
178.346298	4098.709473
177.033096	4144.426758
175.719589	4191.074707
174.405777	4204.400879
173.09169	4369.916016
171.777283	4524.895508
170.462601	4731.147461
169.147614	4873.617188
167.832321	5095.853027
166.516739	5184.01709
165.200867	5412.731445
163.884689	5478.939453
162.568207	5491.945313
161.251434	5407.16748
159.934372	5388.863281
158.617004	5286.118164
157.299347	5187.213379
155.981384	5238.205566
154.663132	5266.416992
153.344574	5309.783691
152.025711	5235.604004
150.706558	5254.320313
149.387115	5238.922363
148.067368	5410.119629
146.747314	5452.456055
145.426971	5453.117188
144.106323	5487.851563
142.785385	5456.32959
141.464142	5507.130371
140.142593	5652.494141
138.820755	5669.183594
137.498627	5595.102539
136.176178	5436.929688
134.853455	5403.569336
133.530411	5472.262207
132.207077	5393.568359
130.883438	5391.40332
129.559509	5304.265137
128.235275	5255.867676
126.910736	5285.821289
125.585907	5264.811035
124.260773	5290.974609
122.935333	5334.102051
121.609604	5293.293457
120.283569	5257.216309
118.95723	5281.472168
117.6306	5399.939453
116.303665	5465.599609
114.976425	5492.615723
113.648888	5544.100586
112.321053	5405.40332
110.992912	5564.176758
109.664474	5548.80127
108.335732	5635.032715
107.006691	5533.119141
105.677345	5543.148438
104.347702	5334.129883
103.017754	5061.292969
101.6875	5050.748535
100.356956	4810.97998
99.0261	4715.964355
