3199.135498	23.014200
3198.429443	22.518509
3197.723389	24.284494
3197.016846	22.935194
3196.310547	22.789549
3195.603760	23.917677
3194.897217	24.337904
3194.190430	26.031246
3193.483398	25.107180
3192.776367	26.516932
3192.069092	25.027512
3191.361572	26.295399
3190.654297	24.665201
3189.946533	26.497988
3189.238770	22.678225
3188.531006	21.685268
3187.822998	24.930071
3187.114990	22.948513
3186.406738	24.426975
3185.698242	25.410807
3184.989746	25.265120
3184.281250	26.177889
3183.572510	24.268421
3182.863525	24.193548
3182.154541	25.035492
3181.445557	25.031017
3180.736328	23.546099
3180.026855	24.246735
3179.317383	24.876648
3178.607666	26.422310
3177.897949	25.219988
3177.188232	24.933741
3176.478027	23.802534
3175.768066	27.318731
3175.057617	26.257898
3174.347412	25.971664
3173.636719	24.841078
3172.926270	24.625557
3172.215332	24.199076
3171.504395	24.194746
3170.793457	25.807798
3170.082275	25.943798
3169.371094	25.025311
3168.659668	27.199612
3167.947998	26.351496
3167.236572	25.573942
3166.524658	26.271818
3165.812744	26.828979
3165.100586	27.315720
3164.388428	27.170414
3163.676270	27.586721
3162.963867	25.897400
3162.251221	28.910076
3161.538574	28.483955
3160.825684	25.392477
3160.112793	25.878857
3159.399658	25.102903
3158.686523	27.622269
3157.973145	30.000544
3157.259766	27.261965
3156.546143	26.486317
3155.832520	27.042028
3155.118652	25.426159
3154.404785	27.242435
3153.690674	26.957478
3152.976318	27.022654
3152.261963	28.067728
3151.547607	26.942989
3150.833008	29.177177
3150.118164	26.723463
3149.403320	28.327389
3148.688477	28.182449
3147.973389	28.107479
3147.258057	28.172346
3146.542725	29.215708
3145.827148	29.839403
3145.111572	26.270737
3144.395752	27.942581
3143.679932	27.588350
3142.963867	27.932560
3142.247803	26.950089
3141.531494	29.109251
3140.815186	28.545681
3140.098633	30.215313
3139.382080	27.907522
3138.665283	31.111307
3137.948242	28.455462
3137.231201	30.054176
3136.514160	30.955128
3135.796875	28.579563
3135.079346	28.644129
3134.361816	32.053368
3133.644043	28.355175
3132.926270	28.489399
3132.208252	29.389654
3131.490234	31.821472
3130.772217	31.189194
3130.053711	31.392414
3129.335205	33.474590
3128.616699	31.729050
3127.897949	33.184299
3127.179199	32.134998
3126.460205	30.112457
3125.741211	32.471115
3125.021973	32.117691
3124.302490	30.165745
3123.583008	30.855267
3122.863525	31.058170
3122.143555	32.094624
3121.423828	31.394297
3120.703857	34.583076
3119.983643	33.396530
3119.263428	32.835178
3118.542969	32.274029
3117.822510	28.312769
3117.101807	32.539959
3116.381104	32.464741
3115.660156	31.626629
3114.938965	33.423893
3114.218018	32.169918
3113.496582	34.313034
3112.775146	34.653400
3112.053711	32.013985
3111.332031	34.017406
3110.610107	34.080559
3109.888184	32.273750
3109.166016	34.899242
3108.443848	33.646790
3107.721436	31.356491
3106.999023	34.534382
3106.276367	34.043812
3105.553711	35.905609
3104.830811	36.452511
3104.107910	33.541344
3103.384766	34.157616
3102.661621	33.114483
3101.938232	35.596851
3101.214600	32.618816
3100.490967	36.620472
3099.767334	35.439476
3099.043457	32.532143
3098.319336	35.841072
3097.595215	36.041759
3096.870850	34.309444
3096.146484	34.303272
3095.421875	37.816517
3094.697266	36.429794
3093.972412	36.561203
3093.247559	35.726971
3092.522461	34.893036
3091.797119	37.989330
3091.071777	38.189293
3090.346436	38.044575
3089.620850	37.762089
3088.895020	37.479702
3088.169189	38.161797
3087.443115	36.502003
3086.717041	38.216911
3085.990723	37.728100
3085.264404	39.786339
3084.537842	38.540375
3083.811279	39.221527
3083.084473	37.769718
3082.357666	37.969269
3081.630615	37.481022
3080.903320	37.543026
3080.176025	40.011181
3079.448730	40.485119
3078.721191	38.484856
3077.993408	38.477921
3077.265625	39.089268
3076.537598	38.326679
3075.809570	40.311302
3075.081299	43.119137
3074.353027	43.180012
3073.624512	38.161777
3072.895996	40.831230
3072.167236	41.029705
3071.438232	42.462887
3070.709229	39.986107
3069.980225	39.224575
3069.250977	41.891422
3068.521484	40.787071
3067.791992	42.424610
3067.062256	40.429737
3066.332520	41.107567
3065.602539	41.511154
3064.872559	40.202396
3064.142334	41.153801
3063.412109	42.104858
3062.681641	43.808533
3061.950928	42.226543
3061.220215	42.903183
3060.489502	40.774612
3059.758545	42.545692
3059.027344	43.221905
3058.296143	44.308132
3057.564697	43.889946
3056.833252	43.608616
3056.101563	43.190704
3055.369873	42.977924
3054.637939	42.491959
3053.906006	44.055248
3053.173828	44.593616
3052.441406	46.429070
3051.708984	46.147625
3050.976563	44.091686
3050.243652	45.653267
3049.510986	47.009598
3048.778076	45.909641
3048.044922	45.969555
3047.311523	45.824867
3046.578369	47.861969
3045.844727	45.808308
3045.111084	46.140804
3044.377441	46.473183
3043.643555	45.987873
3042.909424	46.865093
3042.175293	46.175568
3041.441162	48.073833
3040.706543	47.112011
3039.972168	46.490879
3039.237305	46.482471
3038.502686	46.814289
3037.767578	50.411507
3037.032471	49.450123
3036.297363	50.257267
3035.562012	47.936356
3034.826416	50.307076
3034.090820	50.094067
3033.355225	50.560711
3032.619141	50.619514
3031.883301	50.950024
3031.146973	50.804966
3030.410889	54.191216
3029.674316	51.872932
3028.937744	53.424885
3028.201172	52.668629
3027.464355	52.387657
3026.727295	55.024227
3025.990234	50.740658
3025.253174	53.037453
3024.515869	53.705959
3023.778320	54.103027
3023.040771	52.805302
3022.302979	53.744576
3021.564941	55.632168
3020.826904	56.028595
3020.088867	54.731449
3019.350586	54.044292
3018.612061	57.758690
3017.873535	56.191128
3017.135010	58.482342
3016.395996	58.065697
3015.657227	58.258171
3014.917969	61.427223
3014.178955	58.507626
3013.439453	58.767532
3012.699951	60.785320
3011.960449	62.396759
3011.220703	59.614269
3010.480713	62.036263
3009.740723	59.862930
3009.000488	61.743572
3008.260254	66.122543
3007.519775	61.856255
3006.779297	64.815765
3006.038574	64.871521
3005.297852	68.369347
3004.556885	68.424438
3003.815674	69.424042
3003.074463	64.419769
3002.333008	69.331429
3001.591553	66.958786
3000.849854	67.418571
3000.108154	69.900383
2999.366211	70.898621
2998.624268	73.041985
2997.882080	74.174026
2997.139648	75.238289
2996.397217	75.022606
2995.654785	71.911682
2994.912109	78.092148
2994.169189	77.674133
2993.426270	76.044930
2992.683105	76.838539
2991.939941	78.506401
2991.196533	85.218132
2990.452881	84.328453
2989.709229	84.851028
2988.965576	86.583435
2988.221436	85.761185
2987.477539	89.979141
2986.733398	92.784645
2985.989014	92.902153
2985.244385	93.825562
2984.500000	92.599823
2983.755127	94.664284
2983.010254	97.533501
2982.265381	100.267441
2981.520020	95.753448
2980.774902	101.036095
2980.029541	104.505745
2979.283936	106.968155
2978.538086	109.429665
2977.792480	111.018761
2977.046387	112.607269
2976.300293	114.664307
2975.554199	116.787598
2974.807861	121.656761
2974.061279	123.844986
2973.314697	124.492149
2972.567871	132.303284
2971.821045	128.597366
2971.073975	131.920547
2970.326660	131.628891
2969.579346	136.087692
2968.832031	134.658188
2968.084473	134.901230
2967.336670	134.475494
2966.588867	136.523636
2965.840820	138.504181
2965.092773	138.078003
2964.344482	140.057526
2963.595947	138.963120
2962.847412	144.081223
2962.098877	143.453949
2961.350098	141.892090
2960.601074	146.739807
2959.852051	143.108688
2959.102783	148.621780
2958.353516	145.325256
2957.604004	149.301529
2956.854248	153.009567
2956.104492	153.648605
2955.354736	154.754135
2954.604492	156.325897
2953.854492	159.963272
2953.104004	157.401871
2952.353760	160.904465
2951.603027	167.336823
2950.852295	168.172195
2950.101563	169.140457
2949.350586	173.037796
2948.599365	173.205994
2947.848145	172.242691
2947.096680	172.477509
2946.345215	177.103210
2945.593506	177.070953
2944.841797	177.703766
2944.089844	180.530640
2943.337646	182.957581
2942.585449	186.713028
2941.833008	186.546097
2941.080566	186.179886
2940.327881	189.201904
2939.575195	187.506897
2938.822266	190.261917
2938.069092	192.219162
2937.315918	195.636154
2936.562744	197.259811
2935.809326	201.271866
2935.055664	200.040909
2934.302002	204.117310
2933.548096	208.988113
2932.793945	207.358521
2932.039795	213.022537
2931.285645	212.784836
2930.531250	212.878601
2929.776611	216.881882
2929.021973	217.968628
2928.267090	223.426773
2927.512207	219.279922
2926.757080	224.669617
2926.001709	229.858719
2925.246338	232.663025
2924.490967	234.605972
2923.735107	238.731720
2922.979492	242.128235
2922.223389	243.539215
2921.467285	249.248184
2920.711182	249.467194
2919.954834	255.239090
2919.198242	256.778778
2918.441650	257.326691
2917.685059	266.661774
2916.927979	269.585754
2916.171143	271.914215
2915.413818	277.609589
2914.656494	279.737671
2913.899170	284.835419
2913.141357	288.677338
2912.383789	291.989929
2911.625977	299.787567
2910.867920	298.347626
2910.109619	303.898926
2909.351318	299.623383
2908.593018	307.875366
2907.834473	308.610107
2907.075684	317.318726
2906.316895	320.818817
2905.557861	322.604797
2904.798828	324.719452
2904.039551	326.306458
2903.280273	328.353790
2902.520752	332.704407
2901.760986	335.671234
2901.001221	337.649872
2900.241211	340.943665
2899.481201	341.539154
2898.720947	347.198700
2897.960449	353.513763
2897.199951	356.276184
2896.439453	350.952362
2895.678467	357.723267
2894.917725	354.240967
2894.156494	351.482605
2893.395508	354.636932
2892.634033	352.404846
2891.872559	352.734375
2891.110840	350.766022
2890.349121	341.446960
2889.587402	346.306427
2888.825195	337.122803
2888.062988	346.376556
2887.300781	335.753265
2886.538330	337.790314
2885.775635	331.434235
2885.012939	328.554779
2884.250000	323.710114
2883.487061	322.274750
2882.723877	316.777832
2881.960693	312.265472
2881.197266	310.636475
2880.433594	309.008057
2879.669922	301.029663
2878.906006	298.814453
2878.142090	301.901123
2877.377930	298.247009
2876.613770	294.463348
2875.849365	291.727661
2875.084717	288.208130
2874.320068	285.801483
2873.555176	287.448853
2872.790283	284.585663
2872.025146	276.756897
2871.259766	276.902222
2870.494385	275.218353
2869.729004	268.179321
2868.963379	267.999603
2868.197510	260.507416
2867.431396	258.762451
2866.665527	257.475006
2865.899170	250.641373
2865.132813	249.029633
2864.366211	245.396332
2863.599609	242.807831
2862.832764	243.154572
2862.065918	237.112122
2861.298828	234.396164
2860.531494	231.681213
2859.764160	232.941910
2858.996826	228.729813
2858.229004	226.929245
2857.461426	227.603973
2856.693359	226.780914
2855.925293	224.265564
2855.157227	222.271835
2854.388672	216.048935
2853.620361	217.310577
2852.851563	215.058975
2852.083008	214.239059
2851.313965	212.444016
2850.544922	207.073792
2849.775879	208.790878
2849.006348	204.918076
2848.237061	207.869537
2847.467285	204.777908
2846.697510	202.401932
2845.927734	202.559616
2845.157715	201.613388
2844.387451	200.407822
2843.617188	196.801086
2842.846680	197.219238
2842.076172	198.999786
2841.305420	199.547104
2840.534424	196.332306
2839.763428	191.367783
2838.992188	193.407410
2838.220947	185.203979
2837.449463	189.642044
2836.677979	186.755981
2835.906250	186.462524
2835.134277	184.290634
2834.362305	185.681610
2833.590088	182.150818
2832.817871	182.764771
2832.045410	185.708755
2831.272705	186.904266
2830.500000	186.093445
2829.727051	183.471497
2828.954102	181.173920
2828.180908	181.851990
2827.407715	179.684845
2826.634277	179.005356
2825.860596	177.938309
2825.086914	180.232010
2824.312988	179.165100
2823.539063	177.323395
2822.764893	176.321991
2821.990723	179.001724
2821.216064	175.676086
2820.441650	176.805695
2819.666992	176.837723
2818.892090	175.837296
2818.116943	182.772629
2817.341797	177.062683
2816.566650	177.288071
2815.791016	171.710190
2815.015625	178.770081
2814.239746	175.772202
2813.463867	177.930969
2812.687988	176.609589
2811.911865	176.963608
2811.135498	174.225876
2810.359131	176.061325
2809.582520	174.161743
2808.805908	172.327240
2808.029053	173.711472
2807.251953	171.298553
2806.474854	174.805588
2805.697510	175.416672
2804.920166	172.554550
2804.142578	170.593719
2803.364746	169.469360
2802.586914	171.687897
2801.808838	174.869614
2801.030762	172.267212
2800.252441	173.584595
2799.473877	170.469513
2798.695313	170.630768
2797.916748	165.847992
2797.137939	166.074219
2796.358887	170.215561
2795.579590	168.259033
2794.800293	164.699219
2794.020996	166.721619
2793.241211	168.101898
2792.461670	167.750290
2791.681641	170.155670
2790.901611	168.842285
2790.121582	168.490707
2789.341309	169.356735
2788.560791	169.838043
2787.780273	168.333481
2786.999512	166.125015
2786.218506	167.887238
2785.437500	165.999741
2784.656494	165.841110
2783.875000	168.946274
2783.093506	172.434174
2782.312012	171.826630
2781.530273	169.236557
2780.748291	170.228500
2779.966309	167.895416
2779.184082	167.161270
2778.401855	168.344757
2777.619385	167.930298
2776.836670	170.007629
2776.053955	171.253799
2775.270996	169.561691
2774.488037	174.766373
2773.704834	172.946548
2772.921631	171.893356
2772.137939	172.627441
2771.354492	171.064224
2770.570557	168.927429
2769.786621	174.828018
2769.002686	175.114594
2768.218506	175.209778
2767.434082	176.006134
2766.649658	174.635178
2765.864990	174.156860
2765.080322	177.374008
2764.295410	174.602127
2763.510254	178.454865
2762.725098	178.103516
2761.939697	178.325272
2761.154053	183.320923
2760.368408	176.604706
2759.582764	177.272003
2758.796631	183.728271
2758.010742	182.867432
2757.224365	179.653915
2756.437988	184.898071
2755.651611	181.748917
2754.864746	183.876328
2754.078125	182.063019
2753.291016	186.794525
2752.503906	186.251801
2751.716797	186.344391
2750.929199	185.928925
2750.141846	187.989670
2749.354004	189.732254
2748.566162	191.728058
2747.778320	192.454041
2746.990234	190.705505
2746.201904	189.909073
2745.413330	195.264496
2744.625000	190.916733
2743.836182	191.451965
2743.047363	192.367279
2742.258301	189.860214
2741.469238	198.441971
2740.679932	192.767303
2739.890381	194.378357
2739.100830	195.608871
2738.311035	195.509354
2737.521240	200.980347
2736.731201	196.955917
2735.941162	199.324005
2735.150635	198.148315
2734.360352	202.223145
2733.569580	198.580887
2732.778809	202.780563
2731.988037	199.455627
2731.197021	197.585693
2730.405762	201.593597
2729.614502	205.726395
2728.822998	201.771622
2728.031250	204.513306
2727.239502	203.465042
2726.447510	203.679886
2725.655518	201.495895
2724.863281	201.774124
2724.070801	203.503586
2723.278320	206.620392
2722.485840	205.825150
2721.692871	208.625015
2720.899902	205.938034
2720.106934	207.602036
2719.313721	208.635101
2718.520264	207.903198
2717.726563	210.321976
2716.932861	203.227356
2716.139160	209.362213
2715.345215	208.819595
2714.551025	209.536423
2713.756836	210.756561
2712.962402	212.794434
2712.167725	205.833038
2711.373047	207.933975
2710.578125	203.869583
2709.783203	212.196350
2708.988037	207.189468
2708.192627	208.031189
2707.397217	208.872589
2706.601563	205.817276
2705.805908	206.407410
2705.010010	209.887115
2704.213867	207.021713
2703.417725	208.176468
2702.621338	204.307831
2701.824707	208.287506
2701.028076	207.119110
2700.231445	207.457169
2699.434326	205.222748
2698.637451	205.247375
2697.840088	211.355499
2697.042725	206.676086
2696.245117	207.640793
2695.447510	209.169281
2694.649658	204.555511
2693.851807	206.522583
2693.053711	205.481873
2692.255371	206.070053
2691.456787	209.851822
2690.658447	207.997086
2689.859619	209.085251
2689.060791	206.229904
2688.261719	205.002609
2687.462646	204.839386
2686.663330	208.617111
2685.863770	212.330872
2685.064209	214.042252
2684.264404	207.625534
2683.464600	211.212372
2682.664551	210.235672
2681.864258	211.008881
2681.063965	210.844696
2680.263428	208.182129
2679.462646	209.267517
2678.661865	211.289032
2677.861084	211.874008
2677.059814	216.827759
2676.258789	209.548691
2675.457275	212.317322
2674.655762	217.517715
2673.854004	216.666473
2673.052246	212.822418
2672.250244	215.713028
2671.447998	213.428894
2670.645752	213.326859
2669.843262	215.966492
2669.040771	216.798477
2668.238037	215.450104
2667.435059	211.984863
2666.632080	216.179337
2665.828857	213.524506
2665.025635	214.916290
2664.222168	216.867599
2663.418457	218.818176
2662.614746	212.992310
2661.810791	219.296448
2661.006592	220.188339
2660.202393	214.738464
2659.397949	224.892609
2658.593506	221.059708
2657.788818	219.962219
2656.983887	221.225861
2656.178955	222.675369
2655.373779	225.117935
2654.568604	224.393005
2653.763184	226.399780
2652.957520	222.509460
2652.151855	224.329651
2651.345947	223.233093
2650.539795	223.377594
2649.733643	229.165894
2648.927490	228.503082
2648.120850	225.546600
2647.314209	225.256622
2646.507568	228.499268
2645.700439	227.155441
2644.893555	228.723816
2644.086182	227.380432
2643.278809	230.186722
2642.471191	231.444046
2641.663574	230.348495
2640.855713	229.810379
2640.047852	232.366562
2639.239746	230.776459
2638.431396	236.176987
2637.622803	234.895981
2636.814209	230.647324
2636.005615	230.109695
2635.196777	232.786514
2634.387695	237.501755
2633.578369	237.457428
2632.769043	237.474899
2631.959473	239.654160
2631.149902	241.215057
2630.340088	238.021118
2629.530273	238.902664
2628.719971	235.833755
2627.909912	241.713791
2627.099365	235.190430
2626.288818	238.230804
2625.478027	244.230408
2624.667236	245.479706
2623.856201	240.316803
2623.045166	246.990662
2622.233887	247.684067
2621.422363	244.248871
2620.610596	244.449661
2619.798828	246.128616
2618.987061	245.035736
2618.174805	248.068481
2617.362793	246.729385
2616.550293	245.021500
2615.737793	248.298660
2614.925049	250.897812
2614.112305	250.051254
2613.299316	249.204987
2612.486084	248.543503
2611.672852	249.972534
2610.859375	251.892746
2610.045898	251.476913
2609.232178	250.938339
2608.418213	254.884552
2607.604248	252.380035
2606.790039	253.868073
2605.975586	254.680176
2605.161133	256.474152
2604.346436	257.469543
2603.531494	255.825928
2602.716553	256.207550
2601.901611	250.148193
2601.086182	256.602325
2600.270752	257.228790
2599.455322	257.303284
2598.639404	255.967926
2597.823730	259.106781
2597.007568	257.710297
2596.191406	254.047684
2595.375000	262.391266
2594.558594	258.974060
2593.741943	259.415405
2592.925049	256.673370
2592.108154	256.931335
2591.291016	258.718994
2590.473877	258.058746
2589.656494	261.986389
2588.838867	263.772034
2588.021240	264.211823
2587.203369	263.612122
2586.385254	266.252136
2585.567139	264.857819
2584.748779	263.219604
2583.930176	266.407990
2583.111572	265.380829
2582.292969	270.643829
2581.473877	271.814209
2580.654785	274.327057
2579.835693	275.252167
2579.016113	269.098572
2578.196533	269.292145
2577.376953	275.341400
2576.557129	274.496979
2575.737061	273.347961
2574.916748	277.259308
2574.096436	272.026459
2573.276123	273.072357
2572.455322	277.164307
2571.634521	277.782410
2570.813721	276.390381
2569.992676	278.652527
2569.171387	284.262390
2568.349854	276.660980
2567.528320	280.565002
2566.706787	283.433105
2565.884766	282.528198
2565.062744	281.441162
2564.240723	283.212769
2563.418213	286.929413
2562.595703	291.738892
2561.773193	289.496063
2560.950439	288.712494
2560.127441	285.924225
2559.304443	286.477997
2558.481201	284.177063
2557.657715	283.637909
2556.834229	288.563019
2556.010498	285.534515
2555.186523	290.275330
2554.362549	293.861481
2553.538330	289.438324
2552.713867	286.715149
2551.889404	288.056091
2551.064941	296.247955
2550.239990	293.403748
2549.415039	289.954498
2548.589844	292.384552
2547.764648	291.844910
2546.939209	294.455383
2546.113770	290.826813
2545.288086	295.071350
2544.462158	297.013763
2543.635986	294.657806
2542.809814	296.781067
2541.983398	295.999207
2541.156982	297.576935
2540.330322	299.033112
2539.503418	296.920807
2538.676514	302.427429
2537.849365	296.023315
2537.022217	298.626953
2536.194580	301.833862
2535.366943	300.870850
2534.539307	303.109650
2533.711426	303.113007
2532.883301	299.855774
2532.055176	300.221954
2531.226807	298.475403
2530.398193	299.927948
2529.569580	305.784485
2528.740723	303.736206
2527.911621	309.408844
2527.082520	304.948547
2526.253174	307.363098
2525.423828	306.220215
2524.593994	306.765259
2523.764404	310.865234
2522.934326	312.071869
2522.104248	306.411346
2521.273926	315.206390
2520.443604	309.547394
2519.613037	308.947296
2518.782471	308.708557
2517.951416	314.186737
2517.120361	312.322571
2516.289307	315.091034
2515.458008	318.279419
2514.626465	316.235107
2513.794678	318.399994
2512.962891	317.799042
2512.130859	316.056396
2511.298828	318.580597
2510.466553	318.100037
2509.634033	317.619629
2508.801514	319.661621
2507.968750	324.104492
2507.135742	323.743256
2506.302734	321.161438
2505.469482	324.581329
2504.636230	322.780243
2503.802734	320.799866
2502.968994	324.277832
2502.135010	329.673279
2501.301025	323.196320
2500.466797	326.911591
2499.632568	332.423279
2498.798096	328.585785
2497.963379	332.717224
2497.128662	334.211731
2496.293701	333.190552
2495.458496	337.198975
2494.623291	331.628174
2493.787842	340.064209
2492.952148	338.563934
2492.116455	328.987579
2491.280518	336.761322
2490.444580	335.023254
2489.608398	334.362091
2488.771973	336.211975
2487.935303	337.762329
2487.098633	339.670593
2486.261963	338.411530
2485.424805	340.557861
2484.587646	336.730865
2483.750488	342.638672
2482.912842	343.588928
2482.075195	347.403992
2481.237549	338.804108
2480.399414	344.408661
2479.561279	347.803741
2478.723145	344.934662
2477.884766	350.654083
2477.046143	348.441376
2476.207275	346.706390
2475.368408	347.952118
2474.529297	346.992493
2473.690186	354.076385
2472.850830	349.899292
2472.011230	351.679413
2471.171387	349.826599
2470.331543	352.439484
2469.491699	352.432373
2468.651367	352.603790
2467.811035	359.379608
2466.970703	355.682831
2466.129883	355.437164
2465.289063	356.202454
2464.448242	363.626434
2463.606934	360.288239
2462.765625	360.695557
2461.924316	359.438904
2461.082764	358.479767
2460.240967	359.540527
2459.398926	365.767578
2458.556885	364.688965
2457.714600	362.126617
2456.872314	366.925110
2456.029785	365.550140
2455.187012	368.210205
2454.343994	365.293121
2453.500977	367.892883
2452.657715	360.944733
2451.814453	368.880066
2450.970947	368.336029
2450.127197	370.044189
2449.283447	370.092651
2448.439453	374.584167
2447.595215	372.558624
2446.750977	371.895874
2445.906494	377.509399
2445.061768	375.780365
2444.217041	372.039703
2443.372070	377.058197
2442.526855	381.187347
2441.681641	384.723389
2440.836182	383.822540
2439.990479	381.798523
2439.144775	380.662048
2438.298828	379.230438
2437.452881	377.740265
2436.606445	380.563843
2435.760254	387.934937
2434.913574	388.924530
2434.066895	390.327057
2433.219971	387.537231
2432.373047	390.120056
2431.525635	389.573944
2430.678467	389.441071
2429.830811	389.190216
2428.983154	395.191742
2428.135254	391.991241
2427.287354	389.204651
2426.439209	395.143768
2425.590820	392.239716
2424.742188	397.233124
2423.893555	395.684845
2423.044922	399.438629
2422.195801	398.479401
2421.346680	399.169281
2420.497314	400.918549
2419.647949	402.431702
2418.798340	399.648254
2417.948486	403.455719
2417.098633	407.497040
2416.248535	410.184052
2415.398193	404.931335
2414.547852	405.736359
2413.697266	406.658630
2412.846436	409.167358
2411.995605	412.262726
2411.144531	411.420685
2410.293213	407.348358
2409.441895	403.923553
2408.590332	412.184448
2407.738525	411.930023
2406.886719	411.147461
2406.034668	415.529205
2405.182373	420.143921
2404.330078	420.240082
2403.477539	418.576691
2402.624756	416.738037
2401.771973	418.593506
2400.918945	418.807007
2400.065674	425.525513
2399.212402	428.022705
2398.358887	422.083130
2397.505127	421.534332
2396.651367	429.711090
2395.797363	425.823730
2394.943359	430.367218
2394.088867	429.992737
2393.234375	426.692627
2392.379883	429.770691
2391.524902	428.519104
2390.669922	434.110321
2389.814941	433.559967
2388.959717	436.166626
2388.104248	439.999664
2387.248535	432.260681
2386.392822	435.274994
2385.536865	441.092102
2384.680664	446.089294
2383.824463	439.873138
2382.968018	435.118896
2382.111328	445.309296
2381.254639	441.664581
2380.397705	442.630768
2379.540771	438.579559
2378.683350	445.611847
2377.825928	442.552948
2376.968506	443.226624
2376.110596	443.550262
2375.252686	450.751007
2374.394775	447.984711
2373.536377	453.550537
2372.677979	446.416077
2371.819580	455.532532
2370.960938	453.233154
2370.102051	456.348633
2369.242920	455.388611
2368.383789	459.782715
2367.524414	458.473267
2366.664795	461.003571
2365.805176	452.889679
2364.945313	459.548584
2364.085205	459.460999
2363.224854	464.372284
2362.364502	465.491211
2361.504150	466.610382
2360.643311	467.729736
2359.782471	468.849335
2358.921631	469.969116
2358.060303	470.111725
2357.198975	475.304535
2356.337402	468.713623
2355.475830	469.436615
2354.614014	473.756256
2353.751953	468.735474
2352.889893	470.791809
2352.027588	479.515320
2351.165039	479.597748
2350.302246	482.578125
2349.439453	477.154694
2348.576660	477.121552
2347.713379	484.792725
2346.850098	483.889374
2345.986572	479.280396
2345.123047	481.330994
2344.259033	482.744049
2343.395264	485.719086
2342.531006	486.725708
2341.666748	486.922028
2340.802246	489.663147
2339.937500	494.774109
2339.072754	492.887299
2338.207764	493.660248
2337.342773	492.178864
2336.477295	497.805420
2335.612061	491.008698
2334.746338	502.062866
2333.880615	497.346893
2333.014648	501.466827
2332.148438	498.657776
2331.282227	508.951599
2330.415771	510.816345
2329.549072	511.353363
2328.682373	507.679169
2327.815430	511.273224
2326.948242	510.541199
2326.080811	510.040009
2325.213379	509.250824
2324.345947	505.580444
2323.478027	506.981842
2322.610107	513.567322
2321.741943	509.034180
2320.873779	514.752930
2320.005371	519.836121
2319.136719	513.001770
2318.267822	516.126587
2317.398926	516.948486
2316.529785	516.907104
2315.660645	524.170593
2314.791016	523.840271
2313.921387	525.349976
2313.051758	524.961975
2312.181885	520.033630
2311.311768	521.543030
2310.441406	529.716431
2309.571045	524.847351
2308.700439	526.584656
2307.829590	527.172913
2306.958740	527.416382
2306.087402	530.931458
2305.216309	532.608826
2304.344727	534.514954
2303.473145	535.445129
2302.601318	542.454529
2301.729492	535.067993
2300.857422	534.449524
2299.985107	539.735352
2299.112549	542.038940
2298.239990	544.513550
2297.367188	543.492615
2296.494385	537.660706
2295.621094	541.108215
2294.747803	545.355896
2293.874512	550.975769
2293.000732	547.665100
2292.126953	549.791748
2291.253174	550.658997
2290.378906	551.926208
2289.504639	547.302429
2288.630127	552.515076
2287.755615	558.125854
2286.880859	559.390564
2286.005859	560.197632
2285.130615	558.661804
2284.255371	555.984070
2283.379883	558.276184
2282.504395	556.969910
2281.628418	565.198303
2280.752441	561.094299
2279.876465	563.725891
2279.000000	566.128296
2278.123535	571.210938
2277.247070	568.420593
2276.370117	573.044556
2275.493164	569.570740
2274.615967	571.513550
2273.738770	575.108276
2272.861328	576.080505
2271.983643	569.133484
2271.105713	575.517578
2270.227783	585.714722
2269.349609	578.826660
2268.471436	578.772461
2267.592773	584.466675
2266.714111	582.988708
2265.835449	587.200623
2264.956299	584.641846
2264.077148	590.330505
2263.197754	587.317139
2262.318359	596.811951
2261.438721	592.945862
2260.558838	586.694519
2259.678711	590.331665
2258.798584	597.432617
2257.918213	595.841125
2257.037842	604.528198
2256.156982	591.183716
2255.276123	600.946777
2254.395264	597.766602
2253.513916	600.545471
2252.632568	605.876099
2251.750977	605.759583
2250.869385	598.781372
2249.987549	605.186401
2249.105469	607.960999
2248.223145	612.094727
2247.340820	609.143738
2246.458252	617.864502
2245.575439	616.612793
2244.692627	622.553711
2243.809570	623.169983
2242.926270	615.973816
2242.042969	622.194397
2241.159424	612.907349
2240.275635	620.031250
2239.391602	623.136230
2238.507568	626.805481
2237.623291	624.196838
2236.739014	626.677185
2235.854248	629.947937
2234.969482	623.610291
2234.084717	633.264893
2233.199463	623.822021
2232.314209	630.197021
2231.428711	635.157837
2230.543213	638.987488
2229.657471	637.114563
2228.771484	637.612610
2227.885254	646.009949
2226.999023	636.520691
2226.112549	635.890442
2225.225830	636.388245
2224.339111	640.325012
2223.452148	643.302002
2222.564941	644.192505
2221.677490	651.393677
2220.790039	647.549805
2219.902344	654.691162
2219.014648	652.087036
2218.126465	653.875671
2217.238281	658.422058
2216.350098	657.338257
2215.461426	655.748413
2214.572754	660.010376
2213.683838	660.445557
2212.794922	656.606323
2211.905762	659.347351
2211.016357	664.111206
2210.126709	656.001526
2209.237061	652.053589
2208.347168	660.411865
2207.457031	666.519897
2206.566895	676.388489
2205.676270	666.768005
2204.785889	667.593750
2203.895020	670.664368
2203.004150	677.662292
2202.113037	676.521484
2201.221680	677.681152
2200.330322	677.662476
2199.438721	680.840210
2198.546875	686.371521
2197.655029	686.070801
2196.762695	681.118408
2195.870361	680.258362
2194.978027	684.888977
2194.085449	683.580444
2193.192627	690.336609
2192.299561	689.475342
2191.406250	689.957886
2190.512939	692.175293
2189.619385	694.783508
2188.725830	699.292908
2187.832031	690.767212
2186.937988	688.955933
2186.043701	686.362488
2185.149414	700.541382
2184.254883	705.101013
2183.360107	701.388184
2182.465088	700.079224
2181.570068	697.094971
2180.674805	706.007935
2179.779297	710.952820
2178.883789	710.257019
2177.988037	704.928589
2177.092041	718.241821
2176.196045	708.171082
2175.299805	723.319397
2174.403320	713.418823
2173.506592	715.567078
2172.609863	717.212769
2171.712891	716.795227
2170.815674	721.951050
2169.918457	717.799377
2169.020752	726.128418
2168.123291	728.271545
2167.225342	727.016785
2166.327393	731.942749
2165.429199	730.353699
2164.530762	733.106445
2163.632324	733.687866
2162.733398	730.652771
2161.834717	736.073669
2160.935547	742.827148
2160.036377	741.849243
2159.136963	737.480591
2158.237305	739.005127
2157.337646	747.086365
2156.437500	744.719238
2155.537598	748.685547
2154.637207	746.874329
2153.736816	747.784607
2152.836182	749.249695
2151.935303	757.208252
2151.034424	757.006042
2150.133057	760.909607
2149.231934	761.538757
2148.330322	750.575867
2147.428711	761.188049
2146.526855	756.660583
2145.624756	764.606689
2144.722656	758.805603
2143.820068	764.199341
2142.917480	753.414673
2142.014893	763.016724
2141.112061	764.696167
2140.208984	770.416626
2139.305664	767.222595
2138.402100	776.869690
2137.498535	765.154236
2136.594727	772.585022
2135.690918	786.318420
2134.786621	777.262268
2133.882324	778.272522
2132.977783	777.845093
2132.073242	784.381653
2131.168457	782.074280
2130.263428	783.358948
2129.358154	783.096375
2128.452881	783.717468
2127.547363	779.424133
2126.641602	782.916260
2125.735596	781.991516
2124.829590	792.545227
2123.923340	796.032654
2123.016846	798.580994
2122.110352	798.977356
2121.203613	804.225891
2120.296631	806.109436
2119.389404	809.315125
2118.482178	805.961548
2117.574707	811.865662
2116.666992	818.208130
2115.759277	809.181824
2114.851318	810.511292
2113.943115	815.914307
2113.034668	822.526123
2112.126221	810.864197
2111.217529	819.840332
2110.308594	817.150391
2109.399414	819.741516
2108.490234	825.356140
2107.580811	823.931091
2106.671143	826.794128
2105.761475	834.052734
2104.851563	829.055054
2103.941406	827.630249
2103.031006	836.092712
2102.120605	837.028320
2101.209961	837.304688
2100.299072	830.554443
2099.388184	834.838379
2098.476807	840.602173
2097.565430	840.712891
2096.654053	850.367737
2095.742188	845.321289
2094.830322	848.665894
2093.918213	851.296448
2093.006104	855.022156
2092.093506	852.060974
2091.180908	852.278564
2090.268066	857.152039
2089.355225	865.802490
2088.442139	872.861633
2087.528809	866.833862
2086.615234	863.216736
2085.701660	863.705261
2084.787598	870.868530
2083.873535	873.433960
2082.959473	873.318481
2082.045166	877.304016
2081.130371	868.549805
2080.215820	870.676208
2079.300781	870.561157
2078.385742	882.466553
2077.470459	880.655701
2076.554932	892.062866
2075.639404	884.298645
2074.723389	885.327332
2073.807373	887.611023
2072.891357	879.251709
2071.974854	885.518799
2071.058350	886.164368
2070.141602	893.954773
2069.224854	890.890198
2068.307861	898.185791
2067.390381	901.335754
2066.473145	899.579346
2065.555420	907.904175
2064.637695	895.087952
2063.719727	902.375427
2062.801514	901.327942
2061.883301	907.032288
2060.964844	910.067017
2060.046143	910.107056
2059.127197	914.064941
2058.208252	923.026428
2057.288818	912.130615
2056.369629	921.959045
2055.449951	924.443237
2054.530273	922.360046
2053.610352	930.006470
2052.690186	931.183350
2051.769775	935.565186
2050.849365	937.446594
2049.928711	935.145386
2049.007813	935.668579
2048.086914	931.305603
2047.165649	927.487000
2046.244263	937.127991
2045.322632	937.650208
2044.401001	942.945679
2043.479004	942.815613
2042.556885	946.372803
2041.634644	947.543091
2040.712158	953.211792
2039.789551	959.149109
2038.866699	962.375061
2037.943726	951.406799
2037.020508	951.708191
2036.097168	956.882874
2035.173584	968.498108
2034.249878	955.209534
2033.326050	956.592102
2032.401978	960.787659
2031.477661	965.143860
2030.553223	963.765076
2029.628540	968.118896
2028.703735	985.068115
2027.778809	985.091553
2026.853638	980.413086
2025.928223	981.031677
2025.002686	985.647705
2024.077026	990.693970
2023.151123	989.635986
2022.225098	995.219238
2021.298828	998.803040
2020.372314	983.064087
2019.445679	986.055176
2018.518921	999.079529
2017.591919	997.049988
2016.664795	1006.292053
2015.737427	1012.295410
2014.809937	1008.215820
2013.882202	1012.437744
2012.954346	1018.705688
2012.026245	1014.896423
2011.097900	1020.838135
2010.169556	1020.745789
2009.240845	1022.807129
2008.312134	1018.138550
2007.383057	1021.006836
2006.453979	1023.981567
2005.524536	1042.395996
2004.595093	1029.281860
2003.665405	1040.481445
2002.735474	1028.824585
2001.805420	1034.375000
2000.875122	1037.074585
1999.944702	1031.658569
1999.014038	1039.300415
1998.083252	1048.926758
1997.152222	1040.987305
1996.221069	1055.871582
1995.289673	1054.751709
1994.358154	1050.197144
1993.426392	1060.723877
1992.494507	1053.379761
1991.562500	1054.996948
1990.630127	1061.440308
1989.697754	1067.398438
1988.765137	1069.118896
1987.832275	1067.997803
1986.899292	1073.200806
1985.966064	1077.062134
1985.032715	1075.457886
1984.099121	1075.942993
1983.165405	1084.138672
1982.231445	1079.535767
1981.297363	1081.411255
1980.363159	1085.105591
1979.428589	1085.534424
1978.494019	1098.427612
1977.559204	1096.500366
1976.624146	1088.691528
1975.688965	1090.348755
1974.753540	1104.513550
1973.817993	1100.555542
1972.882202	1098.843018
1971.946289	1104.770630
1971.010132	1107.277466
1970.073853	1112.346558
1969.137329	1111.807495
1968.200684	1121.517578
1967.263794	1109.662476
1966.326782	1112.272339
1965.389526	1123.043457
1964.452148	1116.955322
1963.514526	1120.255249
1962.576782	1124.033691
1961.638794	1129.782959
1960.700562	1130.146973
1959.762207	1135.786133
1958.823730	1134.390503
1957.885010	1140.985229
1956.946167	1140.068359
1956.007080	1133.561279
1955.067871	1145.688354
1954.128418	1141.364624
1953.188721	1141.512451
1952.248901	1151.183350
1951.308960	1149.626831
1950.368774	1151.102295
1949.428345	1157.575195
1948.487793	1151.340088
1947.547119	1151.697998
1946.606079	1159.335815
1945.665039	1169.255005
1944.723755	1170.883911
1943.782227	1169.591064
1942.840576	1181.838501
1941.898682	1174.332764
1940.956665	1168.687622
1940.014404	1177.743896
1939.072021	1178.944336
1938.129395	1191.124512
1937.186646	1179.169067
1936.243652	1190.655029
1935.300537	1191.533569
1934.357178	1181.069092
1933.413696	1191.063843
1932.469971	1188.126953
1931.526123	1201.135620
1930.582031	1199.680664
1929.637695	1205.745239
1928.693237	1205.825073
1927.748657	1204.316895
1926.803833	1207.677979
1925.858765	1207.281006
1924.913574	1218.468872
1923.968140	1219.815186
1923.022583	1221.055054
1922.076782	1225.730835
1921.130859	1218.300415
1920.184692	1222.446289
1919.238403	1228.598145
1918.291870	1226.823730
1917.345215	1231.915894
1916.398315	1236.794800
1915.451294	1234.385986
1914.504028	1234.458984
1913.556519	1238.173340
1912.608887	1248.850830
1911.661133	1251.663818
1910.713135	1244.771118
1909.764893	1242.995972
1908.816528	1253.453003
1907.867920	1252.520142
1906.919189	1260.757446
1905.970337	1256.187744
1905.021118	1267.002319
1904.071777	1274.336426
1903.122314	1260.972534
1902.172607	1260.670654
1901.222778	1277.107788
1900.272705	1273.960815
1899.322388	1279.286499
1898.371948	1281.716553
1897.421387	1288.774048
1896.470581	1276.739990
1895.519531	1283.059448
1894.568359	1288.219971
1893.616943	1288.648438
1892.665405	1283.139160
1891.713623	1292.866943
1890.761719	1296.077759
1889.809570	1297.029175
1888.857178	1299.765259
1887.904663	1300.295532
1886.952026	1303.816895
1885.999146	1307.861694
1885.046021	1311.642334
1884.092773	1307.553833
1883.139282	1306.875610
1882.185669	1310.916138
1881.231812	1316.108398
1880.277832	1318.625610
1879.323608	1325.281250
1878.369141	1318.574951
1877.414551	1327.951538
1876.459839	1329.835693
1875.504883	1329.258179
1874.549683	1331.193481
1873.594360	1334.593506
1872.638794	1339.195435
1871.683105	1348.713379
1870.727173	1342.901733
1869.770996	1336.255615
1868.814697	1345.820435
1867.858276	1349.840332
1866.901611	1345.757568
1865.944702	1352.440674
1864.987671	1358.546387
1864.030396	1359.217285
1863.072998	1363.647949
1862.115356	1359.618286
1861.157593	1369.684814
1860.199585	1369.935181
1859.241333	1373.577148
1858.282959	1368.192017
1857.324463	1379.552490
1856.365601	1370.048218
1855.406738	1377.024048
1854.447510	1379.253174
1853.488281	1391.436157
1852.528687	1383.083130
1851.568970	1388.279053
1850.609131	1384.305420
1849.649048	1393.404785
1848.688721	1405.884888
1847.728271	1395.975220
1846.767578	1389.140259
1845.806763	1404.631714
1844.845703	1397.485352
1843.884399	1400.224854
1842.922974	1411.544189
1841.961426	1418.647339
1840.999512	1409.995972
1840.037598	1403.479004
1839.075317	1414.476563
1838.113037	1412.481201
1837.150391	1425.238525
1836.187622	1426.046021
1835.224731	1427.995483
1834.261475	1429.528687
1833.298218	1425.663452
1832.334717	1434.617065
1831.370972	1425.148804
1830.406982	1440.479004
1829.442871	1443.563721
1828.478638	1447.632324
1827.514160	1439.775757
1826.549438	1440.629883
1825.584595	1442.053589
1824.619507	1451.299805
1823.654297	1455.207031
1822.688843	1444.559814
1821.723145	1448.880859
1820.757324	1458.480591
1819.791260	1473.510986
1818.825073	1460.798340
1817.858643	1454.092285
1816.892090	1463.993408
1815.925293	1472.545776
1814.958252	1472.769897
1813.991089	1468.186035
1813.023682	1476.473755
1812.056152	1465.224609
1811.088379	1477.849487
1810.120483	1483.030762
1809.152344	1485.007935
1808.183960	1478.361328
1807.215454	1485.552490
1806.246704	1493.515137
1805.277832	1486.457520
1804.308716	1485.645630
1803.339355	1489.528076
1802.369873	1501.918457
1801.400269	1491.770752
1800.430298	1497.144409
1799.460327	1503.185913
1798.489990	1495.465820
1797.519531	1512.118652
1796.548950	1501.978638
1795.578003	1508.786499
1794.607056	1513.377441
1793.635742	1505.868530
1792.664307	1509.480225
1791.692749	1504.033325
1790.720947	1517.985229
1789.748901	1525.604370
1788.776733	1520.362915
1787.804321	1512.346924
1786.831665	1528.136353
1785.858887	1520.378784
1784.885986	1527.526978
1783.912720	1532.360107
1782.939453	1528.355957
1781.965820	1530.516357
1780.992065	1527.592285
1780.018188	1542.226685
1779.044067	1527.188110
1778.069702	1534.837524
1777.095093	1532.376343
1776.120361	1547.818604
1775.145508	1540.329590
1774.170410	1552.943726
1773.195068	1544.123657
1772.219604	1543.815430
1771.243896	1545.146973
1770.267944	1553.804688
1769.291870	1545.298462
1768.315552	1555.284058
1767.339111	1555.843872
1766.362427	1559.423950
1765.385620	1565.356934
1764.408447	1572.566772
1763.431274	1568.415405
1762.453735	1567.539429
1761.476074	1559.708130
1760.498291	1585.525391
1759.520264	1571.763306
1758.541992	1574.362671
1757.563599	1578.238403
1756.584961	1584.973633
1755.606079	1577.914063
1754.627075	1590.877319
1753.647827	1589.282715
1752.668457	1592.436401
1751.688843	1584.461914
1750.709106	1591.850708
1749.729126	1594.899780
1748.748901	1592.183350
1747.768433	1596.658936
1746.787842	1601.693481
1745.807129	1600.047607
1744.826172	1607.933594
1743.844971	1607.102417
1742.863525	1611.824829
1741.881958	1614.609497
1740.900269	1623.962891
1739.918335	1619.615356
1738.936157	1615.524048
1737.953735	1638.308350
1736.971191	1623.884521
1735.988525	1632.310425
1735.005493	1630.508545
1734.022339	1644.066162
1733.039063	1630.669189
1732.055542	1649.711548
1731.071777	1643.281982
1730.087891	1645.951050
1729.103760	1657.002075
1728.119385	1641.685303
1727.134888	1653.138794
1726.150146	1656.514282
1725.165283	1652.527222
1724.180176	1663.159302
1723.194824	1656.787354
1722.209351	1670.762695
1721.223633	1666.471313
1720.237671	1677.649536
1719.251587	1681.014771
1718.265259	1680.120117
1717.278809	1671.927246
1716.292114	1680.409424
1715.305176	1683.973633
1714.318115	1678.266602
1713.330811	1697.731812
1712.343384	1696.631836
1711.355713	1702.923218
1710.367798	1695.698242
1709.379761	1707.553467
1708.391479	1704.023560
1707.402954	1700.697388
1706.414307	1706.930542
1705.425415	1704.059937
1704.436279	1705.942261
1703.447021	1716.567627
1702.457642	1725.925293
1701.467896	1716.383911
1700.478027	1715.231079
1699.488037	1731.097900
1698.497681	1727.569336
1697.507324	1732.977417
1696.516602	1732.276123
1695.525757	1737.479004
1694.534668	1740.560791
1693.543457	1736.730713
1692.552002	1732.044922
1691.560303	1741.327393
1690.568481	1747.833374
1689.576416	1750.808716
1688.584106	1745.720215
1687.591675	1750.508179
1686.598999	1743.155029
1685.606201	1757.459473
1684.613159	1773.872681
1683.619873	1748.648438
1682.626465	1763.043457
1681.632813	1770.035767
1680.638916	1779.490234
1679.644897	1769.575562
1678.650635	1763.989746
1677.656128	1775.953369
1676.661499	1765.894287
1675.666626	1771.771240
1674.671631	1777.494995
1673.676392	1768.546631
1672.680908	1773.364502
1671.685303	1777.326416
1670.689453	1793.286499
1669.693359	1789.562500
1668.697144	1796.529785
1667.700684	1791.652222
1666.703979	1787.930420
1665.707153	1800.711914
1664.710083	1791.423218
1663.712769	1808.911499
1662.715332	1810.853271
1661.717651	1805.376709
1660.719849	1811.627319
1659.721802	1810.561279
1658.723511	1810.196655
1657.725098	1811.935303
1656.726440	1809.667847
1655.727539	1819.765259
1654.728516	1828.457031
1653.729248	1816.430176
1652.729736	1815.814087
1651.730103	1816.898804
1650.730225	1829.834351
1649.730103	1825.965820
1648.729858	1820.749268
1647.729370	1836.974365
1646.728638	1834.055786
1645.727783	1845.076050
1644.726685	1835.314331
1643.725464	1843.133789
1642.723999	1833.625732
1641.722290	1830.710327
1640.720337	1847.408813
1639.718262	1852.774292
1638.715942	1846.613892
1637.713501	1851.179077
1636.710815	1845.769287
1635.707886	1858.209717
1634.704834	1853.996826
1633.701416	1836.280029
1632.697998	1850.956787
1631.694214	1859.848877
1630.690308	1861.913940
1629.686279	1856.409302
1628.681885	1858.274902
1627.677368	1862.628418
1626.672607	1847.721069
1625.667725	1867.896851
1624.662598	1878.761963
1623.657227	1872.364746
1622.651733	1872.931396
1621.645996	1867.830322
1620.640015	1873.666138
1619.633911	1885.860474
1618.627563	1873.555176
1617.620972	1889.221558
1616.614258	1882.681519
1615.607300	1881.357666
1614.600098	1882.963379
1613.592773	1889.630981
1612.585205	1881.011353
1611.577393	1896.656616
1610.569458	1889.378296
1609.561279	1900.254272
1608.552856	1890.498779
1607.544312	1896.561157
1606.535522	1906.487061
1605.526489	1909.124390
1604.517334	1900.811279
1603.507935	1905.182129
1602.498291	1907.322632
1601.488525	1910.848389
1600.478516	1915.313354
1599.468262	1909.729004
1598.457764	1910.134399
1597.447144	1904.107910
1596.436401	1927.415894
1595.425293	1923.069458
1594.414063	1935.041382
1593.402588	1934.797974
1592.390991	1927.487061
1591.379150	1927.689819
1590.367065	1938.267334
1589.354736	1940.245850
1588.342285	1941.383911
1587.329590	1935.312744
1586.316772	1949.878174
1585.303589	1943.067261
1584.290405	1929.104126
1583.276855	1934.090820
1582.263184	1951.998291
1581.249268	1943.466064
1580.235107	1941.198730
1579.220825	1952.389526
1578.206299	1951.944702
1577.191528	1937.358154
1576.176636	1951.892578
1575.161499	1967.159790
1574.146118	1961.738159
1573.130493	1964.442261
1572.114746	1957.447998
1571.098877	1965.270020
1570.082642	1970.136353
1569.066284	1973.377197
1568.049683	1967.911133
1567.032837	1969.036377
1566.015869	1983.976318
1564.998657	1985.884155
1563.981323	1977.667358
1562.963623	1989.746338
1561.945801	1989.146240
1560.927856	1989.970459
1559.909546	2004.592651
1558.891113	1991.323120
1557.872437	2000.097778
1556.853638	1990.563965
1555.834595	2004.143433
1554.815308	2000.744263
1553.795776	2011.078857
1552.776123	2013.710815
1551.756226	2003.447876
1550.736084	2013.187256
1549.715820	2007.191895
1548.695313	2013.251587
1547.674561	2015.536865
1546.653687	2018.261841
1545.632568	2020.300171
1544.611206	2013.819336
1543.589600	2033.184082
1542.567871	2037.517700
1541.545898	2029.715942
1540.523682	2035.271118
1539.501343	2038.183105
1538.478760	2036.546509
1537.455933	2048.842773
1536.432983	2045.591553
1535.409790	2051.186035
1534.386353	2044.075928
1533.362671	2053.038574
1532.338867	2052.279297
1531.314819	2057.330566
1530.290527	2044.610474
1529.266113	2053.077393
1528.241455	2057.832275
1527.216553	2059.218750
1526.191528	2059.092529
1525.166138	2054.869629
1524.140625	2062.203857
1523.114990	2060.760742
1522.088989	2070.186035
1521.062866	2069.569824
1520.036499	2079.768799
1519.010010	2080.027588
1517.983276	2077.558838
1516.956299	2065.353516
1515.929077	2086.448486
1514.901733	2082.860107
1513.874146	2090.513184
1512.846313	2084.590332
1511.818359	2092.920654
1510.790039	2101.149902
1509.761719	2102.715332
1508.733032	2096.259766
1507.704224	2106.427002
1506.675049	2105.560547
1505.645874	2109.940674
1504.616333	2096.785889
1503.586670	2110.489014
1502.556763	2110.981445
1501.526611	2100.746338
1500.496338	2106.529785
1499.465820	2118.424072
1498.435059	2117.070557
1497.404053	2122.216309
1496.372925	2122.995850
1495.341553	2135.361572
1494.310059	2136.767822
1493.278198	2144.570068
1492.246216	2152.659912
1491.213989	2157.016357
1490.181519	2172.703369
1489.148926	2189.449219
1488.116089	2202.557373
1487.083008	2225.969238
1486.049805	2241.531982
1485.016235	2266.716309
1483.982544	2294.985596
1482.948730	2317.343506
1481.914551	2347.621582
1480.880249	2353.764893
1479.845703	2363.047363
1478.811035	2374.403564
1477.776001	2376.044434
1476.740845	2373.530518
1475.705444	2378.116455
1474.669922	2378.885986
1473.634155	2381.055176
1472.598145	2382.402832
1471.561890	2376.415283
1470.525391	2370.767822
1469.488770	2372.309326
1468.451904	2373.656982
1467.414795	2373.798828
1466.377563	2365.552979
1465.340088	2367.286377
1464.302368	2387.183838
1463.264404	2385.876953
1462.226318	2369.350830
1461.187988	2374.933838
1460.149414	2365.589844
1459.110596	2358.945068
1458.071655	2362.216309
1457.032471	2364.283203
1455.993042	2355.766113
1454.953491	2364.326172
1453.913574	2346.964844
1452.873535	2340.475342
1451.833252	2355.521484
1450.792847	2339.181396
1449.752197	2343.074707
1448.711304	2342.259033
1447.670166	2340.242920
1446.628784	2342.116699
1445.587280	2341.589355
1444.545532	2337.366211
1443.503540	2339.766846
1442.461426	2340.967041
1441.418945	2341.447021
1440.376343	2350.750732
1439.333618	2351.516113
1438.290527	2352.808105
1437.247314	2358.029541
1436.203857	2378.630371
1435.160156	2377.041260
1434.116333	2377.081055
1433.072144	2394.025391
1432.027832	2390.949463
1430.983398	2405.298584
1429.938599	2408.299561
1428.893677	2417.327881
1427.848511	2440.895508
1426.803101	2431.929443
1425.757446	2446.493896
1424.711670	2440.350830
1423.665649	2456.819336
1422.619385	2460.951416
1421.572998	2469.763916
1420.526245	2476.184082
1419.479370	2485.801514
1418.432251	2486.294434
1417.385010	2497.290039
1416.337402	2501.503174
1415.289673	2513.779297
1414.241699	2531.918701
1413.193604	2524.625488
1412.145142	2533.836670
1411.096558	2542.805420
1410.047729	2529.221191
1408.998779	2546.623291
1407.949463	2551.485352
1406.900024	2558.632080
1405.850342	2567.538330
1404.800415	2560.200928
1403.750366	2549.295410
1402.699951	2561.577393
1401.649414	2558.481201
1400.598633	2569.899414
1399.547729	2567.944336
1398.496460	2573.790527
1397.445068	2589.478027
1396.393433	2599.453613
1395.341675	2630.911133
1394.289551	2645.150879
1393.237305	2669.268311
1392.184814	2717.746338
1391.132080	2739.701172
1390.079224	2764.780762
1389.026001	2798.301025
1387.972656	2829.718750
1386.919067	2865.679199
1385.865356	2901.862061
1384.811279	2935.800293
1383.757080	2973.992920
1382.702637	3010.936768
1381.647949	3031.129883
1380.593140	3062.121582
1379.538086	3074.144531
1378.482788	3074.980957
1377.427246	3069.658691
1376.371460	3051.787842
1375.315552	3030.325684
1374.259277	3003.948975
1373.202881	2979.002686
1372.146362	2966.559082
1371.089478	2942.671387
1370.032471	2904.460693
1368.975220	2900.079346
1367.917725	2884.304688
1366.859985	2852.794678
1365.802124	2850.741943
1364.743896	2837.113037
1363.685547	2826.891113
1362.627075	2815.445068
1361.568237	2815.101318
1360.509277	2796.343994
1359.449951	2773.959473
1358.390503	2779.523193
1357.330933	2771.164795
1356.270996	2763.753418
1355.210938	2745.496826
1354.150635	2759.879150
1353.090088	2760.724609
1352.029297	2769.441406
1350.968384	2785.364746
1349.907104	2786.156738
1348.845703	2795.757324
1347.784058	2819.765625
1346.722290	2819.466797
1345.660156	2840.070313
1344.597900	2851.533936
1343.535400	2863.369141
1342.472656	2891.854492
1341.409668	2908.897705
1340.346558	2909.238037
1339.283203	2922.931641
1338.219604	2931.166260
1337.155762	2933.287354
1336.091675	2928.218018
1335.027466	2906.707031
1333.962891	2909.301025
1332.898193	2901.186523
1331.833374	2888.333252
1330.768188	2875.343994
1329.702759	2865.551514
1328.637207	2861.769043
1327.571411	2853.953369
1326.505371	2846.516113
1325.439209	2845.599854
1324.372681	2817.303467
1323.306030	2833.830566
1322.239136	2823.028564
1321.171997	2812.886719
1320.104614	2814.928955
1319.037109	2807.977539
1317.969238	2795.690674
1316.901245	2778.820801
1315.833008	2786.484375
1314.764648	2779.777832
1313.695923	2761.002930
1312.627075	2753.087891
1311.557983	2757.429443
1310.488647	2737.454590
1309.419067	2729.642334
1308.349243	2729.872314
1307.279297	2715.943115
1306.209106	2714.446777
1305.138672	2720.424561
1304.067993	2706.925781
1302.997070	2698.195068
1301.926025	2715.281982
1300.854614	2699.411865
1299.783081	2713.084961
1298.711304	2720.454102
1297.639404	2741.579590
1296.567139	2724.177734
1295.494751	2747.624512
1294.421997	2761.272705
1293.349121	2771.885742
1292.276001	2778.859863
1291.202759	2760.489258
1290.129150	2735.791992
1289.055420	2720.324463
1287.981445	2697.041992
1286.907227	2682.752197
1285.832764	2700.438477
1284.758057	2682.245361
1283.683228	2683.131592
1282.608154	2679.692139
1281.532837	2675.044922
1280.457275	2678.116699
1279.381470	2673.378418
1278.305420	2680.166260
1277.229248	2672.502441
1276.152832	2665.677734
1275.076172	2665.171387
1273.999268	2657.979248
1272.922119	2651.625488
1271.844849	2659.847168
1270.767212	2645.931885
1269.689453	2665.238525
1268.611450	2635.836182
1267.533203	2635.010986
1266.454834	2636.272461
1265.376099	2624.461670
1264.297241	2626.512207
1263.218018	2640.376953
1262.138672	2616.064453
1261.059204	2626.775879
1259.979370	2611.783447
1258.899292	2600.500732
1257.819092	2594.128906
1256.738647	2600.762939
1255.657959	2602.536133
1254.577026	2593.438232
1253.495850	2586.794922
1252.414429	2587.690918
1251.332886	2592.793213
1250.251099	2591.422852
1249.169067	2590.422363
1248.086792	2574.083984
1247.004272	2567.959961
1245.921509	2579.017578
1244.838623	2563.984131
1243.755371	2574.760498
1242.671997	2570.256348
1241.588379	2577.889160
1240.504517	2585.610840
1239.420532	2576.217773
1238.336182	2577.803223
1237.251709	2565.188232
1236.166992	2584.060059
1235.081909	2576.610107
1233.996826	2592.246338
1232.911377	2584.428955
1231.825684	2580.344971
1230.739868	2567.513916
1229.653687	2565.322266
1228.567383	2573.073242
1227.480835	2565.727295
1226.394043	2571.634521
1225.307007	2537.980713
1224.219849	2534.325195
1223.132324	2542.027832
1222.044678	2533.086182
1220.956787	2533.707764
1219.868652	2524.817383
1218.780273	2509.361084
1217.691650	2520.872314
1216.602905	2529.209961
1215.513794	2531.667480
1214.424561	2520.812256
1213.335083	2529.970459
1212.245361	2525.910400
1211.155396	2530.613525
1210.065186	2554.118896
1208.974731	2559.410156
1207.884155	2578.406738
1206.793213	2589.969971
1205.702148	2574.124268
1204.610840	2578.306641
1203.519287	2584.823486
1202.427490	2597.336670
1201.335571	2607.509277
1200.243286	2603.211914
1199.150879	2597.954834
1198.058228	2595.125000
1196.965210	2595.818848
1195.872070	2588.187744
1194.778809	2587.419189
1193.685181	2586.239258
1192.591309	2594.521973
1191.497314	2570.215576
1190.402954	2586.219971
1189.308472	2596.141357
1188.213745	2602.450439
1187.118774	2620.081299
1186.023560	2612.914551
1184.928223	2621.224121
1183.832520	2639.022217
1182.736694	2637.147949
1181.640503	2653.703125
1180.544189	2667.879883
1179.447632	2665.270752
1178.350830	2668.497803
1177.253784	2666.664307
1176.156494	2670.481689
1175.059082	2688.329590
1173.961304	2684.943848
1172.863403	2685.931152
1171.765259	2688.101563
1170.666870	2705.474854
1169.568237	2724.388184
1168.469360	2739.152832
1167.370239	2737.078857
1166.270874	2763.932861
1165.171387	2780.225342
1164.071655	2798.647705
1162.971558	2820.244141
1161.871338	2860.100098
1160.770874	2863.091309
1159.670166	2904.011230
1158.569214	2938.737549
1157.468018	2960.826172
1156.366699	3000.519287
1155.265015	3041.693359
1154.163208	3062.974365
1153.061157	3090.779541
1151.958862	3124.923096
1150.856201	3118.600342
1149.753540	3111.690674
1148.650513	3112.263184
1147.547241	3102.501953
1146.443726	3079.105957
1145.340088	3056.082031
1144.236084	3056.302734
1143.131958	3049.549316
1142.027588	3044.473877
1140.922974	3043.926758
1139.818115	3036.817627
1138.713013	3050.433594
1137.607666	3066.848389
1136.502075	3088.276123
1135.396362	3136.689209
1134.290283	3138.382813
1133.184082	3189.205322
1132.077637	3246.558838
1130.970947	3311.929688
1129.864014	3377.228027
1128.756836	3464.220703
1127.649414	3522.957520
1126.541748	3605.549072
1125.433838	3684.720947
1124.325806	3737.462891
1123.217407	3765.280518
1122.108887	3803.279541
1121.000000	3838.827148
1119.890991	3841.898926
1118.781738	3841.949463
1117.672241	3818.565430
1116.562500	3778.926025
1115.452515	3751.735840
1114.342285	3702.848877
1113.231934	3662.897705
1112.121216	3633.137207
1111.010376	3576.743896
1109.899170	3564.653076
1108.787842	3548.338379
1107.676270	3545.119141
1106.564453	3525.711914
1105.452393	3568.943604
1104.340088	3605.638916
1103.227539	3663.217041
1102.114746	3717.715088
1101.001709	3803.501709
1099.888550	3907.666992
1098.775024	3988.886963
1097.661377	4115.236816
1096.547363	4180.264648
1095.433228	4202.766602
1094.318848	4193.358398
1093.204224	4113.168945
1092.089355	4034.941162
1090.974243	3919.305664
1089.858887	3826.178223
1088.743286	3726.008057
1087.627441	3641.563232
1086.511475	3569.563965
1085.395142	3500.729980
1084.278687	3422.744385
1083.161865	3378.325928
1082.044922	3339.073975
1080.927734	3293.662354
1079.810181	3237.307129
1078.692505	3210.545410
1077.574585	3192.426758
1076.456421	3158.888428
1075.338013	3148.208984
1074.219360	3136.059082
1073.100586	3139.912354
1071.981445	3130.539063
1070.862061	3113.039551
1069.742554	3134.981689
1068.622681	3122.176758
1067.502686	3108.573242
1066.382324	3105.418945
1065.261841	3099.811768
1064.141113	3089.879395
1063.020142	3102.654053
1061.898926	3113.460938
1060.777466	3122.524170
1059.655762	3119.369873
1058.533813	3129.051758
1057.411621	3119.347412
1056.289185	3127.242676
1055.166504	3121.906982
1054.043701	3104.862549
1052.920532	3096.550537
1051.797241	3074.132568
1050.673584	3057.375244
1049.549805	3041.069824
1048.425659	3023.347412
1047.301392	3008.478760
1046.176880	3017.314697
1045.052002	3000.274902
1043.927002	2979.642090
1042.801758	2991.810547
1041.676270	3001.219238
1040.550537	2990.103760
1039.424561	3001.151611
1038.298340	3008.198730
1037.171997	2978.578613
1036.045288	2989.532471
1034.918335	3000.437256
1033.791138	2984.100342
1032.663818	2979.611816
1031.536133	2972.464600
1030.408325	2969.620117
1029.280151	2945.989746
1028.151855	2952.501953
1027.023193	2946.163086
1025.894409	2935.751709
1024.765381	2921.890137
1023.636047	2924.062256
1022.506531	2907.021729
1021.376709	2911.098389
1020.246704	2904.111572
1019.116455	2887.350830
1017.985962	2885.458008
1016.855225	2888.871826
1015.724243	2885.387451
1014.593018	2877.174805
1013.461609	2871.263428
1012.329895	2869.905029
1011.197937	2864.085693
1010.065796	2857.518066
1008.933411	2859.739258
1007.800720	2859.840576
1006.667847	2846.833740
1005.534729	2866.705566
1004.401367	2878.363281
1003.267700	2899.278320
1002.133911	2911.717529
1000.999817	2913.614258
999.865479	2929.791504
998.730896	2949.134766
997.596069	2951.330078
996.461060	2960.484619
995.325745	2953.956055
994.190186	2948.134766
993.054443	2943.812500
991.918396	2943.232910
990.782166	2925.535889
989.645691	2924.783936
988.508911	2909.297119
987.371948	2891.222168
986.234741	2902.568604
985.097290	2896.195068
983.959595	2892.065430
982.821655	2887.937256
981.683472	2875.508057
980.545044	2880.608154
979.406372	2881.095215
978.267456	2894.181641
977.128357	2900.854004
975.988953	2895.982178
974.849304	2925.684814
973.709412	2942.083740
972.569336	2940.845703
971.428955	2953.814209
970.288391	2974.492188
969.147522	2975.175781
968.006470	2960.040771
966.865112	2963.662109
965.723572	2960.843262
964.581726	2963.718018
963.439697	2940.191406
962.297424	2935.452881
961.154846	2924.633057
960.012085	2905.154541
958.869080	2905.062500
957.725769	2892.156250
956.582275	2893.815918
955.438538	2894.556396
954.294556	2888.128662
953.150330	2886.728516
952.005859	2884.149414
950.861084	2872.748047
949.716125	2873.971680
948.570923	2884.625244
947.425476	2869.738525
946.279785	2883.835693
945.133850	2879.339600
943.987671	2891.901611
942.841248	2890.850586
941.694580	2892.590820
940.547668	2890.755127
939.400513	2881.902588
938.253113	2911.575439
937.105469	2915.531006
935.957520	2908.943359
934.809387	2917.251953
933.661011	2915.238281
932.512390	2930.506592
931.363525	2928.577393
930.214417	2947.447510
929.065063	2955.955811
927.915466	2948.759277
926.765625	2946.174805
925.615540	2961.720459
924.465210	2961.307129
923.314636	2961.198242
922.163757	2971.733643
921.012695	2978.007568
919.861389	2988.751709
918.709839	2998.101563
917.558044	3006.448975
916.405945	3025.425537
915.253662	3036.887451
914.101135	3046.391846
912.948364	3046.176514
911.795288	3062.612793
910.642029	3081.556396
909.488525	3086.708008
908.334717	3085.486816
907.180725	3110.651855
906.026428	3105.007324
904.871948	3109.758789
903.717163	3116.803223
902.562195	3119.861572
901.406921	3150.531494
900.251404	3174.610840
899.095703	3168.698975
897.939697	3173.386475
896.783447	3176.904297
895.626953	3174.410645
894.470276	3159.685059
893.313293	3150.843018
892.156067	3151.769531
890.998596	3136.884766
889.840881	3116.218994
888.682922	3118.706055
887.524658	3083.936035
886.366211	3082.414307
885.207520	3077.872559
884.048584	3061.123291
882.889343	3060.771729
881.729919	3044.464111
880.570251	3032.302246
879.410278	3037.861816
878.250061	3026.180176
877.089661	3015.882080
875.928955	3029.108887
874.768005	3023.078125
873.606812	3021.571045
872.445435	3018.600586
871.283752	3014.038574
870.121826	3021.054199
868.959595	3006.296875
867.797180	3024.838379
866.634521	3019.073975
865.471619	3013.828125
864.308411	3019.889404
863.145020	3018.427002
861.981323	3014.344238
860.817444	3037.455322
859.653259	3034.486328
858.488831	3026.623291
857.324158	3029.152832
856.159241	3034.513672
854.994080	3036.181641
853.828674	3050.891113
852.663025	3038.699707
851.497070	3037.148926
850.330933	3029.595703
849.164551	3048.880127
847.997864	3046.684570
846.830933	3053.445068
845.663818	3048.250244
844.496399	3054.278809
843.328735	3051.141113
842.160828	3060.462646
840.992615	3058.865479
839.824219	3052.689941
838.655579	3061.919189
837.486633	3070.801758
836.317505	3077.499512
835.148071	3062.773193
833.978394	3068.144287
832.808472	3070.862793
831.638306	3077.126709
830.467896	3081.978027
829.297241	3093.532471
828.126343	3091.118408
826.955139	3091.693848
825.783752	3074.469727
824.612061	3096.555664
823.440125	3109.501465
822.267944	3106.531250
821.095520	3113.455811
819.922852	3110.826660
818.749939	3113.739990
817.576721	3101.181152
816.403320	3120.755371
815.229614	3127.966797
814.055664	3134.663818
812.881470	3118.150391
811.707031	3136.894531
810.532349	3129.368164
809.357422	3146.994873
808.182190	3126.918213
807.006775	3133.903564
805.831055	3135.144287
804.655090	3148.757080
803.478882	3140.641602
802.302429	3148.679443
801.125732	3144.561279
799.948730	3130.546387
798.771545	3160.624023
797.594055	3162.662598
796.416321	3153.619385
795.238342	3154.002686
794.060120	3161.048096
792.881653	3162.320313
791.702881	3176.189941
790.523926	3171.690186
789.344666	3178.597900
788.165161	3183.467529
786.985413	3174.348877
785.805420	3184.810303
784.625122	3183.320313
783.444641	3180.602539
782.263855	3185.846680
781.082825	3187.278076
779.901550	3182.571045
778.720032	3185.610352
777.538208	3186.828613
776.356201	3195.237305
775.173889	3207.278809
773.991333	3196.948242
772.808533	3202.093750
771.625488	3218.647705
770.442200	3202.574219
769.258606	3203.870117
768.074768	3232.449707
766.890686	3215.622803
765.706360	3224.935791
764.521790	3216.770264
763.336914	3222.955811
762.151855	3237.703125
760.966492	3232.407715
759.780884	3237.783936
758.595032	3231.478516
757.408875	3228.547852
756.222534	3249.683105
755.035889	3222.984619
753.848999	3247.523926
752.661865	3243.833252
751.474426	3249.408203
750.286804	3261.211182
749.098877	3247.249268
747.910706	3259.004883
746.722290	3261.289307
745.533569	3261.342773
744.344666	3265.433350
743.155457	3278.519775
741.966003	3278.274658
740.776306	3259.705811
739.586304	3286.440186
738.396118	3281.488037
737.205627	3276.075684
736.014893	3283.724609
734.823914	3283.309570
733.632629	3277.102295
732.441162	3291.417725
731.249390	3306.020264
730.057373	3316.338135
728.865051	3298.427979
727.672546	3320.523926
726.479736	3327.854980
725.286682	3331.578369
724.093384	3334.210693
722.899780	3326.955322
721.705994	3340.392334
720.511902	3335.399414
719.317566	3328.231445
718.122925	3330.818604
716.928101	3340.016113
715.732971	3340.214600
714.537598	3348.025146
713.341980	3354.452393
712.146057	3349.253418
710.949890	3347.525879
709.753479	3344.712158
708.556824	3345.743652
707.359924	3358.011475
706.162720	3362.004395
704.965271	3375.098145
703.767578	3346.814941
702.569580	3359.321533
701.371399	3366.022217
700.172913	3351.651611
698.974121	3373.950195
697.775146	3375.638428
696.575867	3382.870850
695.376343	3374.677246
694.176575	3381.239502
692.976563	3375.215820
691.776245	3380.399902
690.575684	3389.829834
689.374878	3385.806152
688.173767	3388.569336
686.972412	3408.187500
685.770813	3403.204834
684.568970	3389.196289
683.366821	3413.168213
682.164429	3407.521484
680.961792	3416.428467
679.758911	3420.634277
678.555725	3416.734375
677.352295	3424.136963
676.148621	3419.116211
674.944702	3434.031494
673.740479	3421.453369
672.536011	3452.924805
671.331238	3448.025391
670.126282	3445.368896
668.921021	3457.398926
667.715515	3460.423096
666.509705	3454.488770
665.303650	3476.002197
664.097351	3471.973389
662.890808	3477.601563
661.683960	3473.118164
660.476868	3473.813965
659.269531	3486.560547
658.061951	3513.212891
656.854065	3486.619629
655.645935	3496.829834
654.437500	3493.132813
653.228882	3497.793457
652.019958	3511.137207
650.810730	3508.141602
649.601318	3509.074463
648.391602	3510.833252
647.181580	3518.954834
645.971375	3519.884277
644.760864	3526.347656
643.550110	3518.271729
642.339050	3540.710449
641.127808	3526.690674
639.916199	3537.190430
638.704407	3535.142334
637.492310	3562.383301
636.279968	3549.153564
635.067383	3553.288330
633.854492	3552.845459
632.641357	3562.912354
631.427979	3563.950439
630.214294	3567.006348
629.000366	3567.383545
627.786194	3583.944092
626.571716	3595.721191
625.356995	3586.871094
624.142029	3601.851807
622.926758	3599.751221
621.711243	3606.125244
620.495483	3609.411621
619.279419	3623.304443
618.063110	3617.582520
616.846558	3630.932861
615.629700	3633.347168
614.412598	3643.565430
613.195190	3656.284668
611.977600	3665.302246
610.759705	3658.345703
609.541504	3668.753906
608.323059	3694.135742
607.104370	3689.925537
605.885437	3677.143799
604.666199	3673.061768
603.446716	3678.985107
602.226929	3682.610352
601.006897	3662.340576
599.786621	3658.796875
598.566101	3685.158691
597.345276	3695.536133
596.124146	3686.008545
594.902771	3701.006592
593.681152	3703.228027
592.459290	3700.128662
591.237122	3705.253662
590.014709	3704.158936
588.791992	3695.049316
587.569031	3695.387695
586.345825	3687.714111
585.122375	3708.445801
583.898560	3700.363770
582.674561	3698.739014
581.450256	3708.427246
580.225708	3718.927734
579.000854	3708.277588
577.775757	3705.304688
576.550415	3720.286621
575.324768	3727.062012
574.098877	3728.613525
572.872742	3742.437988
571.646301	3734.159668
570.419617	3737.297607
569.192627	3750.336182
567.965393	3742.590332
566.737854	3777.006348
565.510132	3787.909424
564.282043	3780.933350
563.053772	3769.889648
561.825195	3760.681641
560.596313	3753.959473
559.367188	3746.670654
558.137817	3736.212158
556.908142	3726.490234
555.678223	3746.286133
554.448059	3728.965088
553.217590	3725.101807
551.986816	3715.064453
550.755859	3718.354004
549.524597	3725.783691
548.293030	3709.784180
547.061218	3717.983398
545.829163	3729.019287
544.596802	3741.186279
543.364197	3735.783691
542.131287	3744.861084
540.898132	3758.881104
539.664673	3756.112061
538.430969	3763.152100
537.197021	3774.645752
535.962769	3779.936035
534.728271	3782.348145
533.493469	3788.929688
532.258423	3801.418701
531.023132	3824.466064
529.787537	3831.073730
528.551636	3842.452393
527.315552	3862.764893
526.079102	3905.593018
524.842468	3937.687988
523.605469	3968.555908
522.368286	4023.132813
521.130798	4062.291260
519.893005	4104.138672
518.654968	4127.632324
517.416687	4119.741211
516.178101	4117.384277
514.939270	4061.954834
513.700134	4030.275635
512.460754	3989.694336
511.221069	3983.051270
509.981140	3980.281738
508.740936	3966.829590
507.500427	3952.899414
506.259674	3964.040527
505.018646	3955.676514
503.777374	3970.396484
502.535797	3963.242432
501.293945	3986.126953
500.051819	3982.192383
498.809448	3994.115479
497.566772	4022.167969
496.323853	4043.409424
495.080627	4025.790283
493.837158	4024.583984
492.593384	4039.980957
491.349365	4045.764893
490.105072	4039.973389
488.860474	4041.616455
487.615631	4029.321045
486.370514	4029.278564
485.125122	4018.797363
483.879425	4023.533203
482.633484	4013.779541
481.387268	4012.094482
480.140778	4030.827148
478.894012	4009.928711
477.646973	4011.412354
476.399658	4002.833252
475.152069	3984.518799
473.904205	4000.911621
472.656067	3989.535645
471.407654	4002.755371
470.158966	4013.606689
468.910004	4019.128662
467.660736	4055.506592
466.411224	4099.150879
465.161438	4128.493652
463.911377	4183.621582
462.661041	4247.282715
461.410431	4318.071777
460.159515	4385.711914
458.908356	4419.873047
457.656921	4450.063477
456.405212	4450.041504
455.153198	4426.017578
453.900940	4403.641602
452.648376	4362.752441
451.395569	4356.841797
450.142456	4335.212891
448.889099	4335.174805
447.635437	4319.980469
446.381500	4333.502441
445.127319	4330.952637
443.872833	4362.680176
442.618073	4373.273926
441.363037	4445.853516
440.107727	4466.261719
438.852142	4499.722656
437.596283	4547.779785
436.340118	4595.297852
435.083710	4610.440918
433.826996	4583.760742
432.570038	4562.502441
431.312775	4514.289063
430.055267	4439.616211
428.797455	4387.754395
427.539368	4357.018066
426.281006	4310.242676
425.022369	4285.336426
423.763428	4272.196777
422.504242	4229.997070
421.244751	4202.146484
419.985016	4218.920410
418.724976	4200.488770
417.464661	4150.167969
416.204071	4165.195801
414.943207	4149.246094
413.682068	4149.161621
412.420654	4142.457520
411.158936	4143.959473
409.896942	4162.338379
408.634705	4166.250488
407.372162	4171.547363
406.109344	4175.851074
404.846222	4187.792969
403.582855	4173.568848
402.319183	4197.138184
401.055267	4185.766113
399.791046	4182.902344
398.526550	4181.383789
397.261749	4191.686035
395.996704	4186.331543
394.731354	4190.818848
393.465759	4207.037109
392.199860	4242.009277
390.933685	4287.509277
389.667206	4329.000977
388.400482	4416.458984
387.133453	4484.540527
385.866150	4566.755859
384.598572	4621.993164
383.330719	4688.603027
382.062561	4733.498047
380.794159	4777.820801
379.525452	4803.442871
378.256470	4805.058105
376.987183	4781.381836
375.717651	4748.893555
374.447815	4698.346191
373.177704	4646.521973
371.907318	4616.682129
370.636627	4566.393555
369.365692	4538.236328
368.094452	4495.774414
366.822906	4501.187012
365.551117	4508.130371
364.279022	4479.538086
363.006653	4479.526855
361.734009	4492.794434
360.461090	4487.555664
359.187866	4472.069336
357.914368	4468.996094
356.640594	4463.215332
355.366547	4489.735352
354.092194	4501.098145
352.817566	4521.006836
351.542664	4523.925293
350.267456	4529.390625
348.991974	4531.873535
347.716217	4532.944336
346.440186	4522.808105
345.163849	4502.059570
343.887238	4514.415039
342.610352	4495.948242
341.333160	4466.918457
340.055695	4409.055664
338.777954	4415.550293
337.499939	4387.574219
336.221619	4348.854004
334.943024	4346.597168
333.664124	4351.495117
332.384979	4384.573730
331.105530	4401.301758
329.825775	4406.027344
328.545776	4388.172852
327.265472	4379.815918
325.984863	4347.215820
324.704010	4330.556641
323.422821	4306.293945
322.141388	4274.667480
320.859650	4267.318848
319.577637	4255.566406
318.295349	4229.858887
317.012756	4245.836426
315.729889	4230.665527
314.446747	4198.044434
313.163300	4201.707031
311.879547	4192.436523
310.595551	4165.218262
309.311249	4182.899902
308.026672	4184.615234
306.741791	4188.080566
305.456635	4170.574219
304.171173	4157.703613
302.885437	4148.533203
301.599426	4107.679199
300.313141	4105.170410
299.026550	4095.511719
297.739655	4071.947266
296.452484	4055.035645
295.165039	4036.461182
293.877289	4023.369385
292.589264	4017.853027
291.300964	4020.993408
290.012360	4001.200439
288.723480	4007.562500
287.434296	3995.847900
286.144836	4002.983154
284.855072	3994.491943
283.565033	3989.492432
282.274719	3983.061035
280.984100	3977.019775
279.693207	3960.794189
278.402008	3973.386230
277.110535	3981.171631
275.818756	3963.871582
274.526703	3973.435059
273.234375	3961.134766
271.941742	3961.952393
270.648804	3955.189453
269.355591	3972.246094
268.062103	3963.086914
266.768311	3987.398926
265.474243	3961.857666
264.179871	3968.775635
262.885223	3980.633545
261.590271	3980.825195
260.295044	4000.086670
258.999512	4001.469727
257.703705	4001.771484
256.407593	4013.839111
255.111206	4002.219727
253.814514	3997.931641
252.517548	4021.556641
251.220276	4024.665771
249.922729	3998.988281
248.624878	4024.599609
247.326752	4009.448242
246.028320	4010.053223
244.729614	4007.615967
243.430603	3997.173828
242.131302	4002.436523
240.831726	4006.388672
239.531845	4009.376953
238.231674	3980.906494
236.931213	4012.811523
235.630463	4006.301025
234.329422	3995.565918
233.028091	4002.893555
231.726471	3993.892090
230.424545	3993.381836
229.122345	3984.078613
227.819839	3982.418457
226.517044	4043.432129
225.213959	3977.104492
223.910583	3968.119141
222.606918	3953.461182
221.302963	3948.357422
219.998703	3953.453125
218.694168	3952.873535
217.389328	3951.834229
216.084198	3956.082031
214.778778	3937.423096
213.473053	3940.369629
212.167053	3930.489258
210.860748	3943.042725
209.554153	3925.588623
208.247269	3946.821777
206.940094	3947.160400
205.632614	3962.260010
204.324844	3938.239990
203.016785	3933.725098
201.708435	3936.358398
200.399780	3957.023926
199.090851	3943.110107
197.781616	3957.348389
196.472076	3934.238281
195.162262	3953.205078
193.852142	3947.012451
192.541733	3952.002441
191.231018	3974.842529
189.920029	3963.690430
188.608734	3974.925781
187.297134	3986.155518
185.985260	3986.174805
184.673080	3988.784912
183.360596	3998.860352
182.047836	4000.551514
180.734772	4011.685547
179.421402	4021.481689
178.107758	4033.785156
176.793808	4023.669434
175.479553	4046.923340
174.165024	4052.061035
172.850174	4055.409180
171.535049	4055.409668
170.219620	4055.903809
168.903900	4062.744141
167.587875	4064.717773
166.271561	4042.114014
164.954941	4062.509277
163.638046	4036.992188
162.320831	4029.592529
161.003326	4022.272217
159.685532	4007.783691
158.367447	3993.756592
157.049042	3990.733643
155.730362	3982.820801
154.411377	3985.108154
153.092087	3971.969482
151.772507	3980.093018
150.452637	3963.816406
149.132462	3932.700195
147.811981	3947.187744
146.491226	3923.243652
145.170151	3916.379883
143.848785	3907.096924
142.527130	3880.453613
141.205170	3882.680420
139.882904	3904.115723
138.560349	3895.901367
137.237488	3898.084717
135.914337	3890.290527
134.590897	3897.044922
133.267136	3905.684570
131.943085	3899.290527
130.618744	3937.071533
129.294098	3952.187988
127.969154	3971.712402
126.643906	4015.374268
125.318367	3996.890625
123.992523	4009.828857
122.666382	4032.601807
121.339943	4023.474121
120.013199	4000.406494
118.686165	3932.625244
117.358826	3869.583252
116.031181	3782.202637
114.703247	3651.222168
113.375008	3472.304688
112.046471	3283.042725
110.717628	3089.313232
109.388489	2876.899658
108.059052	2639.608643
106.729309	2401.973389
105.399269	2168.355225
104.068932	1935.744263
102.738289	1687.381348
101.407341	1467.719238
100.076103	1260.738647
98.744553	1062.225220
